1,YA2088R,4.51539,4.51539,0.0
2,YA2088M,4.51539,4.51539,0.0
3,YA2088D,4.51591,4.51273,0.0031799999999995165
4,YA2088T,4.51591,4.51591,0.0
5,YA2088V,4.51539,4.51539,0.0
6,YA2088C,4.51591,4.51591,0.0
7,YA2088S,4.51591,4.51591,0.0
8,YA2088I,4.51539,4.51539,0.0
9,YA2088L,4.51539,4.51539,0.0
10,YA2088W,4.51122,4.51122,0.0
11,YA2088F,4.51539,4.51539,0.0
12,YA2088Q,4.51539,4.51539,0.0
13,YA2088P,4.51591,4.51591,0.0
14,YA2088K,4.51539,4.51539,0.0
15,YA2088E,4.51539,4.51539,0.0
16,YA2088A,4.51591,4.51591,0.0
17,YA2088G,4.51591,4.51591,0.0
18,YA2088H,4.51539,4.51539,0.0
19,YA2088N,4.51539,4.51539,0.0
20,VA2094Y,4.51539,4.51539,0.0
21,VA2094E,4.51537,4.51537,0.0
22,VA2094R,4.51537,4.560169999999999,-0.04479999999999951
23,VA2094L,4.51539,4.51539,0.0
24,VA2094W,4.51539,3.8319900000000002,0.6833999999999998
25,VA2094F,4.51539,4.51539,0.0
26,VA2094G,4.51537,4.51537,0.0
27,VA2094A,4.51537,4.51537,0.0
28,VA2094I,4.51539,4.51539,0.0
29,VA2094C,4.51539,4.51539,0.0
30,VA2094T,4.51539,4.51539,0.0
31,VA2094K,4.51539,4.51539,0.0
32,VA2094D,4.51539,4.51539,0.0
33,VA2094M,4.5153099999999995,4.5153099999999995,0.0
34,VA2094Q,4.51539,4.51539,0.0
35,VA2094H,4.51539,4.51539,0.0
36,VA2094P,4.51537,4.51537,0.0
37,VA2094S,4.51537,4.51537,0.0
38,VA2094N,4.51539,4.51539,0.0
39,RA2109T,4.40696,4.46805,-0.06109000000000009
40,RA2109Q,4.10511,4.09159,0.013519999999999754
41,RA2109N,4.10511,4.137580000000001,-0.03247000000000089
42,RA2109E,4.10229,3.96654,0.13574999999999982
43,RA2109K,4.11536,4.08488,0.03047999999999984
44,RA2109G,4.10229,4.38925,-0.28695999999999966
45,RA2109M,4.10511,4.5016300000000005,-0.39652000000000065
46,RA2109Y,4.10511,4.296209999999999,-0.1910999999999996
47,RA2109V,4.37793,4.39605,-0.018119999999999692
48,RA2109F,4.12678,4.36817,-0.24139
49,RA2109H,4.41132,4.30359,0.1077300000000001
50,RA2109A,4.10511,4.43714,-0.3320300000000005
51,RA2109D,4.10229,4.15953,-0.05724000000000018
52,RA2109I,4.37793,4.39432,-0.01638999999999946
53,RA2109S,4.12678,4.400980000000001,-0.27420000000000044
54,RA2109P,4.41109,4.64421,-0.23312000000000044
55,RA2109W,4.10511,4.2386099999999995,-0.13349999999999973
56,RA2109C,4.41403,4.47618,-0.06214999999999993
57,RA2109L,4.10511,4.51914,-0.41403000000000034
58,MA2047Q,4.5153099999999995,4.52419,-0.008880000000000443
59,MA2047H,4.53391,4.5634,-0.029490000000000016
60,MA2047W,4.51539,4.64941,-0.13401999999999958
61,MA2047F,4.53311,4.54555,-0.012440000000000673
62,MA2047P,4.5153099999999995,4.5153099999999995,0.0
63,MA2047T,4.5153099999999995,4.5153099999999995,0.0
64,MA2047L,4.5153099999999995,4.5212699999999995,-0.005959999999999965
65,MA2047R,4.5153099999999995,4.54246,-0.027150000000000674
66,MA2047E,4.5153099999999995,4.5153099999999995,0.0
67,MA2047K,4.51539,4.51976,-0.004369999999999763
68,MA2047Y,4.53311,4.54199,-0.008880000000000443
69,MA2047I,4.53368,4.53843,-0.004749999999999588
70,MA2047V,4.5153099999999995,4.5222,-0.006890000000000285
71,MA2047A,4.5153099999999995,4.5222,-0.006890000000000285
72,MA2047S,4.5153099999999995,4.5222,-0.006890000000000285
73,MA2047N,4.5153099999999995,4.52798,-0.012670000000000847
74,MA2047C,4.5153099999999995,4.5153099999999995,0.0
75,MA2047G,4.5153099999999995,4.5222,-0.006890000000000285
76,MA2047D,4.5153099999999995,4.5153099999999995,0.0
77,FA2108Y,4.50675,4.507219999999999,-0.00046999999999908226
78,FA2108Q,4.10418,4.15423,-0.050049999999999706
79,FA2108A,4.5079400000000005,4.49506,0.01288000000000089
80,FA2108W,4.50675,4.51777,-0.011019999999999364
81,FA2108H,4.50675,4.49929,0.007460000000000022
82,FA2108S,4.5079400000000005,4.47938,0.028560000000000585
83,FA2108C,4.10418,4.1029800000000005,0.0011999999999998678
84,FA2108M,4.5079400000000005,4.6758,-0.16785999999999923
85,FA2108E,4.5079400000000005,4.58531,-0.07736999999999927
86,FA2108K,4.5079400000000005,4.57215,-0.06420999999999921
87,FA2108D,4.5079400000000005,4.50836,-0.0004199999999991988
88,FA2108P,4.10182,4.39426,-0.29244000000000003
89,FA2108R,4.5013,4.66386,-0.16256000000000004
90,FA2108G,4.10418,4.14436,-0.04017999999999944
91,FA2108N,4.10418,4.092969999999999,0.011210000000001052
92,FA2108I,4.5079400000000005,4.64216,-0.13421999999999912
93,FA2108L,4.10418,4.11379,-0.009609999999999452
94,FA2108T,4.50558,4.5399400000000005,-0.03436000000000039
95,FA2108V,4.5079400000000005,4.57385,-0.06590999999999969
96,SA2035I,4.5138,11.2505,-6.736700000000001
97,SA2035D,4.52727,8.4853,-3.958030000000001
98,SA2035V,4.5138,4.67401,-0.16021000000000019
99,SA2035Q,4.5359,9.528889999999999,-4.992989999999999
100,SA2035T,4.50875,4.65077,-0.1420199999999996
101,SA2035Y,4.5078,17.9278,-13.420000000000002
102,SA2035C,4.50189,4.53166,-0.029769999999999186
103,SA2035W,4.55106,15.4941,-10.94304
104,SA2035G,4.50875,4.47502,0.03373000000000026
105,SA2035A,4.50875,4.51354,-0.00478999999999985
106,SA2035P,4.5359,4.58131,-0.045410000000000394
107,SA2035E,4.52727,9.03915,-4.51188
108,SA2035M,4.5359,9.40025,-4.86435
109,SA2035H,4.55342,12.4169,-7.86348
110,SA2035R,4.5078,7.655289999999999,-3.1474899999999995
111,SA2035F,4.5078,18.0648,-13.557000000000002
112,SA2035L,4.5138,14.3995,-9.8857
113,SA2035N,4.5138,11.7544,-7.240600000000001
114,SA2035K,4.55342,9.32591,-4.77249
115,EA2032S,4.50675,4.50675,0.0
116,EA2032V,4.50853,4.50853,0.0
117,EA2032F,4.50853,4.50675,0.0017800000000001148
118,EA2032W,4.50853,4.50853,0.0
119,EA2032Y,4.50853,4.50675,0.0017800000000001148
120,EA2032P,4.10511,4.18842,-0.08331
121,EA2032A,4.50675,4.50675,0.0
122,EA2032C,4.50675,4.50675,0.0
123,EA2032M,4.50853,4.50675,0.0017800000000001148
124,EA2032L,4.51539,4.51539,0.0
125,EA2032N,4.50675,4.50675,0.0
126,EA2032G,4.50189,4.50189,0.0
127,EA2032R,4.50875,4.50875,0.0
128,EA2032D,4.51539,4.51539,0.0
129,EA2032H,4.51539,4.51539,0.0
130,EA2032T,4.10511,4.18842,-0.08331
131,EA2032K,4.51539,4.51539,0.0
132,EA2032I,4.51539,4.51539,0.0
133,EA2032Q,4.50875,4.50875,0.0
134,EA2033M,4.51539,4.51539,0.0
135,EA2033H,4.51539,4.51539,0.0
136,EA2033G,4.51539,4.51539,0.0
137,EA2033R,4.51539,4.51539,0.0
138,EA2033N,4.51539,4.51539,0.0
139,EA2033Q,4.51539,4.51539,0.0
140,EA2033K,4.51539,4.51539,0.0
141,EA2033P,4.51539,4.51539,0.0
142,EA2033T,4.51539,4.51539,0.0
143,EA2033A,4.51539,4.51539,0.0
144,EA2033C,4.51539,4.51539,0.0
145,EA2033S,4.51539,4.51539,0.0
146,EA2033V,4.51539,4.51539,0.0
147,EA2033Y,4.51539,4.51539,0.0
148,EA2033D,4.50675,4.50675,0.0
149,EA2033F,4.51539,4.51539,0.0
150,EA2033I,4.51539,4.51539,0.0
151,EA2033L,4.51539,4.51539,0.0
152,EA2033W,4.51539,4.51539,0.0
153,RA2036L,4.50012,4.50012,0.0
154,RA2036Q,4.50815,4.50634,0.0018099999999998673
155,RA2036A,4.50675,4.50675,0.0
156,RA2036D,4.50675,4.50675,0.0
157,RA2036V,4.515,4.50875,0.006249999999999645
158,RA2036N,4.50815,4.50012,0.00802999999999976
159,RA2036M,4.50815,4.50012,0.00802999999999976
160,RA2036K,4.515,4.50875,0.006249999999999645
161,RA2036G,4.50675,4.50171,0.0050400000000001555
162,RA2036S,4.50675,4.50675,0.0
163,RA2036C,4.50815,4.50012,0.00802999999999976
164,RA2036I,4.50815,4.50012,0.00802999999999976
165,RA2036P,4.515,4.50675,0.008249999999999424
166,RA2036Y,4.50675,4.50675,0.0
167,RA2036T,4.50815,4.50012,0.00802999999999976
168,RA2036H,4.50675,4.50675,0.0
169,RA2036E,4.515,4.50875,0.006249999999999645
170,RA2036W,4.50675,4.50675,0.0
171,RA2036F,4.50675,4.50675,0.0
172,LA2078D,4.508719999999999,4.49944,0.00927999999999951
173,LA2078A,4.5156,4.5080800000000005,0.007519999999999527
174,LA2078S,4.5156,4.5080800000000005,0.007519999999999527
175,LA2078C,4.5156,4.5080800000000005,0.007519999999999527
176,LA2078P,4.51558,4.5080800000000005,0.007499999999999396
177,LA2078T,4.51558,4.5080800000000005,0.007499999999999396
178,LA2078Y,4.49148,4.4916599999999995,-0.00017999999999940286
179,LA2078H,4.51558,4.51595,-0.0003700000000002035
180,LA2078N,4.5156,4.5080800000000005,0.007519999999999527
181,LA2078W,4.49148,4.53961,-0.04812999999999956
182,LA2078V,4.51558,4.5080800000000005,0.007499999999999396
183,LA2078K,4.49148,4.48896,0.002520000000000522
184,LA2078R,4.53907,4.68487,-0.14580000000000037
185,LA2078G,4.51558,4.5080800000000005,0.007499999999999396
186,LA2078I,4.51558,4.5080800000000005,0.007499999999999396
187,LA2078E,4.508719999999999,4.49944,0.00927999999999951
188,LA2078F,4.49148,4.4916599999999995,-0.00017999999999940286
189,LA2078M,4.51558,4.514869999999999,0.0007100000000006546
190,LA2078Q,4.5156,4.51595,-0.0003500000000000725
191,LA2051H,4.51539,4.54304,-0.027650000000000396
192,LA2051I,4.51539,4.51539,0.0
193,LA2051T,4.51539,4.51539,0.0
194,LA2051V,4.51539,4.51539,0.0
195,LA2051K,4.51539,4.57085,-0.055460000000000065
196,LA2051F,4.5126599999999994,4.81115,-0.29849000000000014
197,LA2051Q,4.51539,4.529780000000001,-0.014390000000000569
198,LA2051G,4.51539,4.51539,0.0
199,LA2051A,4.51539,4.51539,0.0
200,LA2051E,4.51539,4.51539,0.0
201,LA2051M,4.51539,4.51539,0.0
202,LA2051R,4.51539,4.5237099999999995,-0.008319999999999439
203,LA2051W,4.54472,4.83312,-0.2884000000000002
204,LA2051S,4.51539,4.51539,0.0
205,LA2051N,4.51539,4.51539,0.0
206,LA2051D,4.51539,4.51539,0.0
207,LA2051Y,4.5126599999999994,4.63061,-0.11795000000000044
208,LA2051C,4.51539,4.51539,0.0
209,LA2051P,4.51539,4.51539,0.0
210,TA2098G,4.51537,4.49487,0.020500000000000185
211,TA2098C,4.5153099999999995,4.48268,0.03262999999999927
212,TA2098V,4.51537,4.51276,0.002609999999999779
213,TA2098N,4.5153099999999995,5.30371,-0.7884000000000002
214,TA2098A,4.51537,4.50049,0.014879999999999782
215,TA2098S,4.51537,4.48268,0.032689999999999664
216,TA2098P,4.51584,4.43659,0.07925000000000004
217,TA2098Y,4.5153099999999995,4.89527,-0.3799600000000005
218,TA2098F,4.5153099999999995,4.25186,0.26344999999999974
219,TA2098W,4.5153099999999995,5.34092,-0.8256100000000002
220,TA2098M,4.5153099999999995,4.63293,-0.1176200000000005
221,TA2098K,4.5153099999999995,4.4589099999999995,0.056400000000000006
222,TA2098Q,4.5153099999999995,4.45885,0.05645999999999951
223,TA2098D,4.5153099999999995,5.61849,-1.103180000000001
224,TA2098R,4.5153099999999995,4.85631,-0.3410000000000002
225,TA2098L,4.5153099999999995,4.60139,-0.08608000000000082
226,TA2098I,4.5153099999999995,4.82735,-0.31204000000000054
227,TA2098H,4.5153099999999995,5.41994,-0.9046300000000009
228,TA2098E,4.5153099999999995,4.50408,0.011229999999999407
229,YA2038P,4.51122,4.848990000000001,-0.3377700000000008
230,YA2038I,4.53846,4.64145,-0.10299000000000014
231,YA2038F,4.5153099999999995,4.52977,-0.014460000000000583
232,YA2038D,4.51122,4.49787,0.013349999999999973
233,YA2038E,4.51122,4.47421,0.03700999999999954
234,YA2038L,4.51947,4.58039,-0.06092000000000031
235,YA2038N,4.51122,4.43764,0.07357999999999976
236,YA2038A,4.51122,4.60312,-0.09189999999999987
237,YA2038W,4.518759999999999,4.508859999999999,0.00990000000000002
238,YA2038S,4.51122,4.59293,-0.08171000000000017
239,YA2038T,4.51947,4.586869999999999,-0.06739999999999924
240,YA2038C,4.51122,4.56433,-0.05311000000000021
241,YA2038M,4.5153099999999995,4.55082,-0.035510000000000375
242,YA2038H,4.5153099999999995,4.562930000000001,-0.047620000000001106
243,YA2038G,4.51122,4.63616,-0.1249400000000005
244,YA2038K,4.5153099999999995,4.54347,-0.02816000000000063
245,YA2038R,4.5153099999999995,4.5517900000000004,-0.036480000000000956
246,YA2038Q,4.5153099999999995,4.56122,-0.04591000000000012
247,YA2038V,4.53846,4.65541,-0.11695000000000011
248,LA2031H,4.5130300000000005,4.82615,-0.3131199999999996
249,LA2031P,4.50439,4.57178,-0.0673900000000005
250,LA2031I,4.5130300000000005,4.54171,-0.028679999999999595
251,LA2031R,4.49153,4.504,-0.012469999999999537
252,LA2031A,4.50439,4.57765,-0.07326000000000032
253,LA2031Q,4.5130300000000005,4.54281,-0.029779999999999696
254,LA2031N,4.50439,4.49748,0.006909999999999528
255,LA2031D,4.50439,4.50931,-0.0049200000000002575
256,LA2031E,4.50439,4.53969,-0.03530000000000033
257,LA2031V,4.5130300000000005,4.5323199999999995,-0.01928999999999892
258,LA2031K,4.5130300000000005,4.58038,-0.06734999999999935
259,LA2031F,4.4830000000000005,4.5166900000000005,-0.03369
260,LA2031G,4.50439,4.60498,-0.1005900000000004
261,LA2031C,4.50439,4.5378099999999995,-0.03341999999999956
262,LA2031S,4.50439,4.57279,-0.06840000000000046
263,LA2031W,4.5130300000000005,5.2332,-0.7201699999999995
264,LA2031T,4.50439,4.52332,-0.018930000000000113
265,LA2031M,4.50439,4.52924,-0.024849999999999817
266,LA2031Y,4.4830000000000005,4.500030000000001,-0.0170300000000001
267,WA2101H,4.51013,4.7208,-0.21066999999999947
268,WA2101S,4.50131,3.94709,0.5542199999999999
269,WA2101P,4.50131,3.94582,0.5554900000000003
270,WA2101C,4.50131,3.9095800000000005,0.5917299999999996
271,WA2101T,4.50131,3.9025800000000004,0.5987299999999998
272,WA2101N,4.50131,4.91252,-0.41120999999999963
273,WA2101D,4.50131,4.92788,-0.4265699999999999
274,WA2101Y,4.51013,4.85915,-0.34901999999999944
275,WA2101M,4.51013,4.73607,-0.22593999999999959
276,WA2101I,4.50131,6.8439,-2.3425899999999995
277,WA2101K,4.50131,4.8681,-0.36678999999999995
278,WA2101E,4.50131,4.7358,-0.2344900000000001
279,WA2101A,4.50131,3.9520699999999995,0.5492400000000006
280,WA2101F,4.51013,4.72129,-0.21115999999999957
281,WA2101V,4.50131,3.88531,0.6160000000000001
282,WA2101G,4.50131,3.9937099999999996,0.5076000000000005
283,WA2101R,4.50131,4.69001,-0.18869999999999987
284,WA2101L,4.51013,4.6703,-0.16016999999999992
285,WA2101Q,4.50131,4.971080000000001,-0.46977000000000046
286,EA2029Y,4.51539,4.51539,0.0
287,EA2029W,4.51539,4.51539,0.0
288,EA2029D,4.50675,4.50675,0.0
289,EA2029G,4.51539,4.51539,0.0
290,EA2029F,4.51539,4.51539,0.0
291,EA2029V,4.51539,4.51539,0.0
292,EA2029I,4.51539,4.51539,0.0
293,EA2029L,4.50675,4.50675,0.0
294,EA2029M,4.51539,4.51539,0.0
295,EA2029K,4.50675,4.50675,0.0
296,EA2029Q,4.50675,4.50675,0.0
297,EA2029S,4.51539,4.51539,0.0
298,EA2029C,4.51539,4.51539,0.0
299,EA2029R,4.50675,4.50675,0.0
300,EA2029T,4.51539,4.51539,0.0
301,EA2029P,4.51497,4.51497,0.0
302,EA2029A,4.51539,4.51539,0.0
303,EA2029H,4.51539,4.51539,0.0
304,EA2029N,4.51539,4.51539,0.0
305,RA2110W,4.14783,4.14783,0.0
306,RA2110A,4.51539,4.51539,0.0
307,RA2110I,4.51539,4.51539,0.0
308,RA2110M,4.51539,4.52159,-0.006199999999999761
309,RA2110Y,4.51737,4.51737,0.0
310,RA2110D,4.51539,4.51539,0.0
311,RA2110S,4.51737,4.51737,0.0
312,RA2110N,4.51737,4.52126,-0.003890000000000171
313,RA2110E,4.51539,4.51539,0.0
314,RA2110V,4.51539,4.52159,-0.006199999999999761
315,RA2110H,4.51539,4.51539,0.0
316,RA2110L,4.51539,4.51539,0.0
317,RA2110Q,4.51539,4.51539,0.0
318,RA2110G,4.12559,4.12559,0.0
319,RA2110F,4.51539,4.51539,0.0
320,RA2110C,4.51737,4.51737,0.0
321,RA2110K,4.51539,4.51539,0.0
322,RA2110T,4.51539,4.51539,0.0
323,RA2110P,4.14783,4.17013,-0.02230000000000043
324,HA2106I,4.51582,4.51179,0.004029999999999312
325,HA2106K,4.51737,4.5158,0.0015700000000000713
326,HA2106A,4.1647099999999995,4.18677,-0.022060000000000635
327,HA2106S,4.51737,4.51466,0.002709999999999546
328,HA2106M,4.51737,4.5158,0.0015700000000000713
329,HA2106L,4.51737,4.51957,-0.002200000000000202
330,HA2106C,4.51737,4.51778,-0.00041000000000046555
331,HA2106F,4.51737,4.51976,-0.0023900000000001143
332,HA2106Y,4.51737,4.51969,-0.0023200000000000998
333,HA2106P,4.1619,4.5433699999999995,-0.3814699999999993
334,HA2106Q,4.51737,4.51581,0.0015599999999995617
335,HA2106E,4.1647099999999995,4.12982,0.034889999999999866
336,HA2106D,4.1647099999999995,4.12552,0.039189999999999614
337,HA2106V,4.1647099999999995,4.21248,-0.047770000000000756
338,HA2106R,4.51737,4.5158,0.0015700000000000713
339,HA2106T,4.51737,4.51302,0.004349999999999632
340,HA2106W,4.51737,4.51354,0.003829999999999778
341,HA2106G,4.51737,4.49263,0.02473999999999954
342,HA2106N,4.51737,4.51703,0.0003399999999995629
343,IA2111T,4.50675,4.50675,0.0
344,IA2111Q,4.50675,4.50853,-0.0017800000000001148
345,IA2111H,4.50675,4.50718,-0.0004299999999997084
346,IA2111D,4.50675,4.50675,0.0
347,IA2111E,4.50675,4.50853,-0.0017800000000001148
348,IA2111G,4.50675,4.50853,-0.0017800000000001148
349,IA2111A,4.50675,4.50675,0.0
350,IA2111K,4.50675,4.50675,0.0
351,IA2111P,4.50675,4.50853,-0.0017800000000001148
352,IA2111F,4.50675,4.57477,-0.06801999999999975
353,IA2111S,4.50675,4.50853,-0.0017800000000001148
354,IA2111L,4.5079400000000005,4.5079400000000005,0.0
355,IA2111N,4.50675,4.50853,-0.0017800000000001148
356,IA2111M,4.50675,4.50675,0.0
357,IA2111W,4.5079400000000005,4.5079400000000005,0.0
358,IA2111R,4.50675,4.50853,-0.0017800000000001148
359,IA2111C,4.50675,4.50675,0.0
360,IA2111V,4.51539,4.51539,0.0
361,IA2111Y,4.50675,4.50675,0.0
362,LA2103V,4.53188,4.5461599999999995,-0.014279999999999404
363,LA2103R,4.5269699999999995,4.53003,-0.0030600000000005068
364,LA2103I,4.52492,4.53863,-0.013710000000000555
365,LA2103H,4.52492,4.51539,0.009529999999999816
366,LA2103N,4.5224,4.51539,0.007010000000000183
367,LA2103M,4.52492,4.51539,0.009529999999999816
368,LA2103C,4.53188,4.54477,-0.012889999999999624
369,LA2103Q,4.52498,4.5283,-0.0033199999999995455
370,LA2103S,4.52313,4.50354,0.019589999999999996
371,LA2103F,4.52492,4.51539,0.009529999999999816
372,LA2103Y,4.5224,4.51539,0.007010000000000183
373,LA2103A,4.525119999999999,4.5053,0.019819999999999283
374,LA2103D,4.52541,4.51724,0.008169999999999789
375,LA2103W,4.52498,4.51539,0.00959000000000021
376,LA2103E,4.52498,4.53375,-0.008770000000000167
377,LA2103K,4.52492,4.53329,-0.00837000000000021
378,LA2103G,4.525119999999999,4.52236,0.0027599999999994296
379,LA2103T,4.525119999999999,4.54306,-0.01794000000000029
380,LA2103P,4.525119999999999,4.50066,0.024459999999999482
381,LA2097T,4.51307,4.46929,0.04377999999999993
382,LA2097E,4.51591,4.46994,0.04596999999999962
383,LA2097A,4.51307,4.48054,0.032529999999999504
384,LA2097W,4.48696,4.53573,-0.0487700000000002
385,LA2097F,4.49906,5.10534,-0.6062799999999999
386,LA2097Y,4.48695,6.15526,-1.66831
387,LA2097V,4.51506,4.53031,-0.015249999999999986
388,LA2097R,4.51506,4.55771,-0.04265000000000008
389,LA2097G,4.51307,4.47288,0.04018999999999995
390,LA2097C,4.51307,4.46929,0.04377999999999993
391,LA2097Q,4.51307,4.51848,-0.005410000000000359
392,LA2097N,4.51307,4.49264,0.02043000000000017
393,LA2097S,4.51307,4.46929,0.04377999999999993
394,LA2097P,4.51506,4.48054,0.03451999999999966
395,LA2097D,4.51585,4.45518,0.06067
396,LA2097M,4.51307,4.60658,-0.0935100000000002
397,LA2097I,4.51578,4.50148,0.014300000000000423
398,LA2097K,4.51506,4.48399,0.03106999999999971
399,LA2097H,4.51313,4.66015,-0.14701999999999948
400,EA2041L,4.51539,4.51539,0.0
401,EA2041A,4.51539,4.51539,0.0
402,EA2041Y,4.51539,4.51539,0.0
403,EA2041I,4.51539,4.51539,0.0
404,EA2041K,4.51539,4.51539,0.0
405,EA2041D,4.51539,4.51539,0.0
406,EA2041Q,4.51539,4.51539,0.0
407,EA2041S,4.51539,4.51539,0.0
408,EA2041F,4.51539,4.51539,0.0
409,EA2041V,4.51539,4.51539,0.0
410,EA2041N,4.51539,4.51539,0.0
411,EA2041T,4.51539,4.51539,0.0
412,EA2041P,4.51539,4.51539,0.0
413,EA2041H,4.51539,4.51539,0.0
414,EA2041M,4.51539,4.51539,0.0
415,EA2041G,4.51539,4.51539,0.0
416,EA2041C,4.51539,4.51539,0.0
417,EA2041W,4.51539,4.51539,0.0
418,EA2041R,4.51539,4.51539,0.0
419,YA2104I,4.5130300000000005,4.57547,-0.06243999999999961
420,YA2104Q,4.51539,4.64202,-0.12662999999999958
421,YA2104G,4.51539,4.4839199999999995,0.03147000000000055
422,YA2104S,4.51539,4.51427,0.001120000000000232
423,YA2104D,4.50853,4.47203,0.0365000000000002
424,YA2104E,4.50853,4.54478,-0.03624999999999989
425,YA2104R,4.51539,4.6983,-0.18290999999999968
426,YA2104A,4.51539,4.5508,-0.03540999999999972
427,YA2104M,4.54151,4.75845,-0.21694000000000013
428,YA2104P,4.51539,4.62975,-0.11435999999999957
429,YA2104K,4.54151,4.69568,-0.15417000000000058
430,YA2104C,4.51539,4.4749,0.04049000000000014
431,YA2104V,4.51539,4.54089,-0.025500000000000078
432,YA2104F,4.51539,4.5291,-0.013709999999999667
433,YA2104W,4.51539,4.71034,-0.1949500000000004
434,YA2104L,4.51539,4.54537,-0.029980000000000118
435,YA2104T,4.54472,4.6569400000000005,-0.11222000000000065
436,YA2104H,4.51539,4.4668,0.04858999999999991
437,YA2104N,4.51539,4.53435,-0.018959999999999866
438,HA2028S,4.1286,4.10083,0.027769999999999406
439,HA2028E,4.50675,4.50675,0.0
440,HA2028A,4.1286,4.10083,0.027769999999999406
441,HA2028T,4.51965,4.51685,0.00280000000000058
442,HA2028K,4.50675,4.52044,-0.013689999999999536
443,HA2028V,4.51965,4.52044,-0.0007899999999994023
444,HA2028M,4.50675,4.50675,0.0
445,HA2028F,4.50675,4.50675,0.0
446,HA2028N,4.50675,4.50675,0.0
447,HA2028R,4.50675,4.520580000000001,-0.013830000000000453
448,HA2028G,4.10229,4.10083,0.0014599999999997948
449,HA2028W,4.50675,4.50675,0.0
450,HA2028I,4.1286,4.45407,-0.32547000000000015
451,HA2028Y,4.50675,4.50675,0.0
452,HA2028P,4.10229,4.10083,0.0014599999999997948
453,HA2028C,4.50675,4.520580000000001,-0.013830000000000453
454,HA2028Q,4.51965,4.520580000000001,-0.0009300000000003195
455,HA2028D,4.50675,4.50675,0.0
456,HA2028L,4.51539,4.51539,0.0
457,AA2034E,4.50675,4.6211,-0.11434999999999995
458,AA2034P,4.51539,4.51539,0.0
459,AA2034D,4.50675,4.56358,-0.056829999999999714
460,AA2034K,4.54472,4.76375,-0.21903000000000006
461,AA2034F,4.54472,5.72464,-1.17992
462,AA2034H,4.51539,5.06326,-0.5478699999999996
463,AA2034I,4.51539,4.6013,-0.08591000000000015
464,AA2034N,4.54472,4.63265,-0.08793000000000006
465,AA2034C,4.51539,4.556109999999999,-0.04071999999999942
466,AA2034Q,4.51539,4.63584,-0.12044999999999995
467,AA2034M,4.51539,4.74496,-0.22956999999999983
468,AA2034R,4.51539,4.57595,-0.060559999999999725
469,AA2034Y,4.56224,6.735519999999999,-2.173279999999999
470,AA2034L,4.54472,4.59959,-0.054870000000000196
471,AA2034T,4.51539,4.51704,-0.0016499999999997073
472,AA2034V,4.54472,4.69343,-0.14871000000000034
473,AA2034G,4.51539,4.51539,0.0
474,AA2034W,4.51539,4.51539,0.0
475,AA2034S,4.51539,4.525519999999999,-0.010129999999999306
476,FA2039T,4.51204,4.70637,-0.1943299999999999
477,FA2039E,4.51969,5.80819,-1.2885
478,FA2039S,4.51204,4.90321,-0.3911699999999998
479,FA2039D,4.51204,5.6965,-1.1844600000000005
480,FA2039L,4.51204,4.21471,0.29732999999999965
481,FA2039R,4.51204,6.08908,-1.5770400000000002
482,FA2039K,4.51204,5.5548,-1.0427600000000004
483,FA2039Y,4.51969,5.24904,-0.7293500000000002
484,FA2039W,4.51969,4.51852,0.0011700000000001154
485,FA2039Q,4.51204,5.74838,-1.2363400000000002
486,FA2039N,4.51204,5.14329,-0.6312500000000005
487,FA2039M,4.51969,4.6384099999999995,-0.11871999999999971
488,FA2039I,4.51204,6.19411,-1.6820700000000004
489,FA2039V,4.52677,4.08022,0.4465500000000002
490,FA2039G,4.51204,3.98636,0.5256799999999999
491,FA2039A,4.51204,3.9791,0.53294
492,FA2039H,4.51204,4.792669999999999,-0.2806299999999995
493,FA2039C,4.51204,4.47668,0.035359999999999836
494,FA2039P,4.51204,4.1650599999999995,0.3469800000000003
495,RA2042M,4.5146,4.50922,0.005379999999999718
496,RA2042E,4.5146,4.549519999999999,-0.03491999999999962
497,RA2042A,4.51467,4.54315,-0.02848000000000006
498,RA2042S,4.51467,4.5332,-0.018530000000000157
499,RA2042T,4.51467,4.548369999999999,-0.03369999999999962
500,RA2042N,4.51467,4.5332,-0.018530000000000157
501,RA2042D,4.51467,4.5332,-0.018530000000000157
502,RA2042K,4.51467,4.52187,-0.007200000000000095
503,RA2042L,4.51467,4.51355,0.0011199999999993437
504,RA2042I,4.51467,4.54668,-0.03201000000000054
505,RA2042V,4.51467,4.56297,-0.04830000000000023
506,RA2042W,4.5146,4.54435,-0.029749999999999943
507,RA2042G,4.51467,4.52307,-0.008399999999999963
508,RA2042H,4.51467,4.52109,-0.006420000000000314
509,RA2042C,4.51467,4.5332,-0.018530000000000157
510,RA2042Q,4.5146,4.50986,0.0047399999999999665
511,RA2042F,4.5146,4.52963,-0.015030000000000321
512,RA2042Y,4.5146,4.5475,-0.032900000000000595
513,RA2042P,4.51467,4.56452,-0.04985000000000017
514,AA2100S,4.51539,4.52974,-0.014350000000000307
515,AA2100R,4.5153099999999995,4.73626,-0.2209500000000002
516,AA2100N,4.51539,4.68118,-0.16579000000000033
517,AA2100L,4.51539,4.75646,-0.24106999999999967
518,AA2100W,4.51539,5.25155,-0.7361599999999999
519,AA2100H,4.51539,5.01756,-0.5021699999999996
520,AA2100T,4.51539,4.62704,-0.11165000000000003
521,AA2100V,4.51539,4.761080000000001,-0.24569000000000063
522,AA2100F,4.51539,5.07761,-0.5622199999999999
523,AA2100I,4.51539,4.78229,-0.2668999999999997
524,AA2100Y,4.51539,5.0757,-0.5603100000000003
525,AA2100P,4.51539,4.49338,0.022009999999999863
526,AA2100K,4.51539,4.64555,-0.13016000000000005
527,AA2100C,4.51539,4.61766,-0.10226999999999986
528,AA2100E,4.51539,4.68537,-0.1699799999999998
529,AA2100M,4.51539,5.0357400000000005,-0.5203500000000005
530,AA2100D,4.51539,4.6405400000000006,-0.12515000000000054
531,AA2100Q,4.51539,4.63166,-0.1162700000000001
532,AA2100G,4.51539,4.44925,0.06613999999999987
533,SA2112E,4.51539,4.51539,0.0
534,SA2112L,4.51539,4.51539,0.0
535,SA2112R,4.12389,4.12389,0.0
536,SA2112W,4.51539,4.51539,0.0
537,SA2112Q,4.51539,4.51539,0.0
538,SA2112I,4.51539,4.51539,0.0
539,SA2112M,4.51539,4.51539,0.0
540,SA2112C,4.51539,4.51539,0.0
541,SA2112A,4.51539,4.51539,0.0
542,SA2112N,4.51539,4.51539,0.0
543,SA2112G,4.51539,4.51539,0.0
544,SA2112Y,4.51539,4.51539,0.0
545,SA2112D,4.51539,4.51539,0.0
546,SA2112F,4.51539,4.51539,0.0
547,SA2112K,4.51539,4.51539,0.0
548,SA2112T,4.51539,4.51539,0.0
549,SA2112V,4.51539,4.51539,0.0
550,SA2112P,4.51539,4.51539,0.0
551,SA2112H,4.51539,4.51539,0.0
552,KA2095V,4.51539,4.51539,0.0
553,KA2095P,4.51539,4.51539,0.0
554,KA2095L,4.51539,4.51539,0.0
555,KA2095A,4.51539,4.51539,0.0
556,KA2095W,4.51539,4.51539,0.0
557,KA2095N,4.51539,4.51539,0.0
558,KA2095Q,4.51539,4.51539,0.0
559,KA2095T,4.51539,4.51539,0.0
560,KA2095Y,4.51539,4.51539,0.0
561,KA2095D,4.51539,4.51539,0.0
562,KA2095I,4.51539,4.51539,0.0
563,KA2095F,4.51539,4.51539,0.0
564,KA2095M,4.51539,4.51539,0.0
565,KA2095E,4.51539,4.51539,0.0
566,KA2095C,4.51539,4.51539,0.0
567,KA2095R,4.51539,4.51539,0.0
568,KA2095G,4.51539,4.51539,0.0
569,KA2095S,4.51539,4.51539,0.0
570,KA2095H,4.51539,4.51539,0.0
571,QA2099I,4.51539,4.513240000000001,0.00214999999999943
572,QA2099E,4.5138300000000005,4.50296,0.010870000000000601
573,QA2099V,4.51539,4.513240000000001,0.00214999999999943
574,QA2099G,4.51353,4.53106,-0.017529999999999824
575,QA2099L,4.51539,4.51539,0.0
576,QA2099D,4.51539,4.51539,0.0
577,QA2099H,4.51539,4.51539,0.0
578,QA2099R,4.51539,4.51539,0.0
579,QA2099W,4.51539,4.51539,0.0
580,QA2099F,4.51539,4.51539,0.0
581,QA2099P,4.51537,4.49506,0.020310000000000272
582,QA2099A,4.51539,4.51778,-0.0023900000000001143
583,QA2099N,4.51539,4.51539,0.0
584,QA2099S,4.51353,4.54746,-0.033929999999999794
585,QA2099Y,4.51539,4.51539,0.0
586,QA2099K,4.51539,4.51539,0.0
587,QA2099C,4.51353,4.5138,-0.0002699999999995484
588,QA2099T,4.5138300000000005,4.51509,-0.0012599999999993727
589,QA2099M,4.51353,4.51293,0.000600000000000378
590,GA2040C,4.51539,4.5757,-0.06031000000000031
591,GA2040S,4.51539,5.05546,-0.54007
592,GA2040F,4.51539,4.8355,-0.3201099999999997
593,GA2040D,4.51539,5.0206800000000005,-0.5052900000000005
594,GA2040H,4.51539,4.82417,-0.3087799999999996
595,GA2040R,4.51539,4.91069,-0.39529999999999976
596,GA2040L,4.51539,4.81451,-0.2991200000000003
597,GA2040M,4.51539,4.57704,-0.061650000000000205
598,GA2040N,4.51539,4.8531,-0.3377100000000004
599,GA2040I,4.51539,4.95637,-0.4409799999999997
600,GA2040Q,4.51539,5.18984,-0.6744500000000002
601,GA2040W,4.51539,5.03099,-0.5156000000000001
602,GA2040T,4.51539,7.28603,-2.77064
603,GA2040A,4.51539,4.53808,-0.022689999999999877
604,GA2040E,4.51539,5.30422,-0.7888299999999999
605,GA2040K,4.51539,4.82905,-0.3136599999999996
606,GA2040V,4.51539,6.371980000000001,-1.8565900000000006
607,GA2040P,4.51969,7.5874,-3.06771
608,GA2040Y,4.51539,4.86801,-0.35261999999999993
609,DA2096E,4.51539,4.51539,0.0
610,DA2096V,4.51539,4.51539,0.0
611,DA2096I,4.51539,4.51539,0.0
612,DA2096C,4.51539,4.51539,0.0
613,DA2096Y,4.51539,4.51539,0.0
614,DA2096M,4.51539,4.51539,0.0
615,DA2096W,4.51539,4.51539,0.0
616,DA2096A,4.51539,4.51539,0.0
617,DA2096K,4.51539,4.51539,0.0
618,DA2096Q,4.51539,4.51539,0.0
619,DA2096S,4.51539,4.51539,0.0
620,DA2096G,4.51539,4.51539,0.0
621,DA2096T,4.51539,4.51539,0.0
622,DA2096P,4.51539,4.51539,0.0
623,DA2096R,4.51539,4.51539,0.0
624,DA2096F,4.51539,4.51539,0.0
625,DA2096H,4.51539,4.51539,0.0
626,DA2096L,4.51539,4.51539,0.0
627,DA2096N,4.51539,4.51539,0.0
628,LA2037Q,4.51539,4.51539,0.0
629,LA2037Y,4.51539,4.51539,0.0
630,LA2037H,4.51539,4.51539,0.0
631,LA2037A,4.51539,4.51539,0.0
632,LA2037T,4.51539,4.51539,0.0
633,LA2037S,4.51539,4.51539,0.0
634,LA2037V,4.51539,4.51539,0.0
635,LA2037W,4.50853,4.50675,0.0017800000000001148
636,LA2037E,4.50853,4.50675,0.0017800000000001148
637,LA2037M,4.51539,4.51539,0.0
638,LA2037G,4.51539,4.51513,0.00025999999999992696
639,LA2037D,4.50853,4.50675,0.0017800000000001148
640,LA2037P,4.51539,4.51539,0.0
641,LA2037C,4.51539,4.51539,0.0
642,LA2037K,4.51539,4.51539,0.0
643,LA2037F,4.51539,4.51539,0.0
644,LA2037N,4.51539,4.51539,0.0
645,LA2037I,4.51539,4.51539,0.0
646,LA2037R,4.51539,4.51539,0.0
647,YA2105A,4.10229,4.28942,-0.1871299999999998
648,YA2105C,4.10229,4.25021,-0.14792000000000005
649,YA2105G,4.10229,4.21073,-0.10843999999999987
650,YA2105P,4.10042,5.0747,-0.9742800000000003
651,YA2105K,4.10049,4.6230400000000005,-0.5225500000000007
652,YA2105D,4.12389,4.28033,-0.1564399999999999
653,YA2105I,4.12389,5.081519999999999,-0.9576299999999991
654,YA2105L,4.12389,4.60778,-0.4838899999999997
655,YA2105T,4.10229,4.2496,-0.14731000000000005
656,YA2105R,4.10049,5.00068,-0.9001900000000003
657,YA2105F,4.12389,3.9428,0.1810900000000002
658,YA2105Q,4.5049,5.17044,-0.66554
659,YA2105E,4.10049,5.11235,-1.0118600000000004
660,YA2105S,4.10229,4.255719999999999,-0.1534299999999993
661,YA2105V,4.10229,4.35089,-0.2485999999999997
662,YA2105M,4.12389,4.550269999999999,-0.4263799999999991
663,YA2105N,4.10229,4.36788,-0.26559000000000044
664,YA2105W,4.12209,4.63507,-0.5129799999999998
665,YA2105H,4.12389,4.60074,-0.4768499999999998
666,WA2027R,4.51539,4.51539,0.0
667,WA2027H,4.51539,4.51539,0.0
668,WA2027P,4.51539,4.51539,0.0
669,WA2027F,4.51539,4.51539,0.0
670,WA2027A,4.51539,4.51539,0.0
671,WA2027N,4.51539,4.51539,0.0
672,WA2027C,4.51539,4.51539,0.0
673,WA2027M,4.51539,4.51539,0.0
674,WA2027Q,4.51539,4.51539,0.0
675,WA2027S,4.51539,4.51539,0.0
676,WA2027E,4.50675,4.50675,0.0
677,WA2027D,4.50675,4.50675,0.0
678,WA2027K,4.50675,4.50675,0.0
679,WA2027T,4.51539,4.51539,0.0
680,WA2027I,4.51539,4.51539,0.0
681,WA2027V,4.51539,4.51539,0.0
682,WA2027L,4.51539,4.51539,0.0
683,WA2027G,4.51539,4.51539,0.0
684,WA2027Y,4.51539,4.51539,0.0
685,VA2107W,4.49112,4.50646,-0.015340000000000131
686,VA2107P,4.49327,4.54957,-0.05630000000000024
687,VA2107E,4.4863599999999995,4.49631,-0.009950000000000792
688,VA2107D,4.4863599999999995,4.49599,-0.009630000000000472
689,VA2107S,4.491280000000001,4.47281,0.018470000000000653
690,VA2107Y,4.4932300000000005,4.5099800000000005,-0.016750000000000043
691,VA2107G,4.49327,4.53734,-0.0440700000000005
692,VA2107A,4.491280000000001,4.4865699999999995,0.004710000000001102
693,VA2107R,4.4932300000000005,4.50305,-0.009819999999999496
694,VA2107Q,4.4931,4.5063699999999995,-0.013269999999999449
695,VA2107L,4.49112,4.50815,-0.0170300000000001
696,VA2107T,4.491280000000001,4.51717,-0.025889999999999525
697,VA2107I,4.4913300000000005,4.4917,-0.0003699999999993153
698,VA2107M,4.4931,4.51014,-0.017039999999999722
699,VA2107H,4.4931,4.50928,-0.016180000000000305
700,VA2107C,4.491280000000001,4.4887,0.002580000000000915
701,VA2107K,4.49329,4.531540000000001,-0.03825000000000056
702,VA2107N,4.49327,4.50596,-0.01269000000000009
703,VA2107F,4.4932300000000005,4.50976,-0.01652999999999949
704,GA2030L,4.51539,4.51539,0.0
705,GA2030Q,4.51539,4.51539,0.0
706,GA2030I,4.51539,4.51539,0.0
707,GA2030K,4.51539,4.51539,0.0
708,GA2030T,4.51539,4.51539,0.0
709,GA2030H,4.51539,4.51539,0.0
710,GA2030E,4.51539,4.51539,0.0
711,GA2030F,4.51539,4.51539,0.0
712,GA2030V,4.51539,4.51539,0.0
713,GA2030M,4.51539,4.51539,0.0
714,GA2030W,4.51539,4.51539,0.0
715,GA2030D,4.51539,4.51539,0.0
716,GA2030P,4.51539,4.51539,0.0
717,GA2030A,4.51539,4.51539,0.0
718,GA2030R,4.51539,4.51539,0.0
719,GA2030S,4.51539,4.51539,0.0
720,GA2030C,4.51539,4.51539,0.0
721,GA2030Y,4.51539,4.51539,0.0
722,GA2030N,4.51539,4.51539,0.0
723,DA2102E,4.5138300000000005,4.54908,-0.03524999999999956
724,DA2102G,4.51353,4.462359999999999,0.051170000000000826
725,DA2102H,4.51382,4.54741,-0.03359000000000023
726,DA2102Q,4.51353,4.53735,-0.02381999999999973
727,DA2102T,4.51353,4.53046,-0.016929999999999445
728,DA2102S,4.51353,4.5258400000000005,-0.012310000000000265
729,DA2102P,4.5138300000000005,4.70171,-0.18787999999999982
730,DA2102L,4.51382,4.64481,-0.13098999999999972
731,DA2102Y,4.51582,4.51037,0.005449999999999733
732,DA2102R,4.51527,4.53404,-0.018769999999999953
733,DA2102I,4.51382,4.55733,-0.04351000000000038
734,DA2102W,4.51582,4.50369,0.012129999999999974
735,DA2102K,4.5132900000000005,4.4967,0.01659000000000077
736,DA2102V,4.51353,4.57293,-0.05940000000000012
737,DA2102C,4.51353,4.59101,-0.07747999999999955
738,DA2102F,4.51582,4.52463,-0.008810000000000429
739,DA2102M,4.51353,4.50946,0.004070000000000462
740,DA2102N,4.51353,4.59865,-0.08511999999999986
741,DA2102A,4.51353,4.5492300000000006,-0.03570000000000029
742,MA2026Q,4.51539,4.51539,0.0
743,MA2026C,4.51539,4.51539,0.0
744,MA2026D,4.51539,4.51539,0.0
745,MA2026A,4.51539,4.51539,0.0
746,MA2026H,4.51539,4.51539,0.0
747,MA2026P,4.51539,4.51539,0.0
748,MA2026E,4.51539,4.51539,0.0
749,MA2026T,4.51539,4.51539,0.0
750,MA2026G,4.51539,4.51539,0.0
751,MA2026W,4.51539,4.51539,0.0
752,MA2026Y,4.51539,4.51539,0.0
753,MA2026F,4.51539,4.51539,0.0
754,MA2026K,4.51539,4.51539,0.0
755,MA2026V,4.51539,4.51539,0.0
756,MA2026R,4.51539,4.51539,0.0
757,MA2026I,4.51539,4.51539,0.0
758,MA2026N,4.51539,4.51539,0.0
759,MA2026S,4.51539,4.51539,0.0
760,MA2026L,4.51539,4.51539,0.0

