1,YA2088R,4.51539,4.51539,0.0
2,YA2088M,4.51539,4.51539,0.0
3,YA2088D,4.51591,4.51273,0.0031799999999995165
4,YA2088T,4.51591,4.51591,0.0
5,YA2088V,4.51539,4.51539,0.0
6,YA2088C,4.51591,4.51591,0.0
7,YA2088S,4.51591,4.51591,0.0
8,YA2088I,4.51539,4.51539,0.0
9,YA2088L,4.51539,4.51539,0.0
10,YA2088W,4.51122,4.51122,0.0
11,YA2088F,4.51539,4.51539,0.0
12,YA2088Q,4.51539,4.51539,0.0
13,YA2088P,4.51591,4.51591,0.0
14,YA2088K,4.51539,4.51539,0.0
15,YA2088E,4.51539,4.51539,0.0
16,YA2088A,4.51591,4.51591,0.0
17,YA2088G,4.51591,4.51591,0.0
18,YA2088H,4.51539,4.51539,0.0
19,YA2088N,4.51539,4.51539,0.0
20,VA2094Y,4.51539,4.51539,0.0
21,VA2094E,4.51537,4.51537,0.0
22,VA2094R,4.51537,4.560169999999999,-0.04479999999999951
23,VA2094L,4.51539,4.51539,0.0
24,VA2094W,4.51539,3.8319900000000002,0.6833999999999998
25,VA2094F,4.51539,4.51539,0.0
26,VA2094G,4.51537,4.51537,0.0
27,VA2094A,4.51537,4.51537,0.0
28,VA2094I,4.51539,4.51539,0.0
29,VA2094C,4.51539,4.51539,0.0
30,VA2094T,4.51539,4.51539,0.0
31,VA2094K,4.51539,4.51539,0.0
32,VA2094D,4.51539,4.51539,0.0
33,VA2094M,4.5153099999999995,4.5153099999999995,0.0
34,VA2094Q,4.51539,4.51539,0.0
35,VA2094H,4.51539,4.51539,0.0
36,VA2094P,4.51537,4.51537,0.0
37,VA2094S,4.51537,4.51537,0.0
38,VA2094N,4.51539,4.51539,0.0
39,RA2109T,4.40696,4.46805,-0.06109000000000009
40,RA2109Q,4.10511,4.09159,0.013519999999999754
41,RA2109N,4.10511,4.137580000000001,-0.03247000000000089
42,RA2109E,4.10229,3.96654,0.13574999999999982
43,RA2109K,4.11536,4.08488,0.03047999999999984
44,RA2109G,4.10229,4.38925,-0.28695999999999966
45,RA2109M,4.10511,4.5016300000000005,-0.39652000000000065
46,RA2109Y,4.10511,4.296209999999999,-0.1910999999999996
47,RA2109V,4.37793,4.39605,-0.018119999999999692
48,RA2109F,4.12678,4.36817,-0.24139
49,RA2109H,4.41132,4.30359,0.1077300000000001
50,RA2109A,4.10511,4.43714,-0.3320300000000005
51,RA2109D,4.10229,4.15953,-0.05724000000000018
52,RA2109I,4.37793,4.39432,-0.01638999999999946
53,RA2109S,4.12678,4.400980000000001,-0.27420000000000044
54,RA2109P,4.41109,4.64421,-0.23312000000000044
55,RA2109W,4.10511,4.2386099999999995,-0.13349999999999973
56,RA2109C,4.41403,4.47618,-0.06214999999999993
57,RA2109L,4.10511,4.51914,-0.41403000000000034
58,MA2047Q,4.5153099999999995,4.52419,-0.008880000000000443
59,MA2047H,4.53391,4.5634,-0.029490000000000016
60,MA2047W,4.51539,4.64941,-0.13401999999999958
61,MA2047F,4.53311,4.54555,-0.012440000000000673
62,MA2047P,4.5153099999999995,4.5153099999999995,0.0
63,MA2047T,4.5153099999999995,4.5153099999999995,0.0
64,MA2047L,4.5153099999999995,4.5212699999999995,-0.005959999999999965
65,MA2047R,4.5153099999999995,4.54246,-0.027150000000000674
66,MA2047E,4.5153099999999995,4.5153099999999995,0.0
67,MA2047K,4.51539,4.51976,-0.004369999999999763
68,MA2047Y,4.53311,4.54199,-0.008880000000000443
69,MA2047I,4.53368,4.53843,-0.004749999999999588
70,MA2047V,4.5153099999999995,4.5222,-0.006890000000000285
71,MA2047A,4.5153099999999995,4.5222,-0.006890000000000285
72,MA2047S,4.5153099999999995,4.5222,-0.006890000000000285
73,MA2047N,4.5153099999999995,4.52798,-0.012670000000000847
74,MA2047C,4.5153099999999995,4.5153099999999995,0.0
75,MA2047G,4.5153099999999995,4.5222,-0.006890000000000285
76,MA2047D,4.5153099999999995,4.5153099999999995,0.0
77,FA2108Y,4.50675,4.507219999999999,-0.00046999999999908226
78,FA2108Q,4.10418,4.15423,-0.050049999999999706
79,FA2108A,4.5079400000000005,4.49506,0.01288000000000089
80,FA2108W,4.50675,4.51777,-0.011019999999999364
81,FA2108H,4.50675,4.49929,0.007460000000000022
82,FA2108S,4.5079400000000005,4.47938,0.028560000000000585
83,FA2108C,4.10418,4.1029800000000005,0.0011999999999998678
84,FA2108M,4.5079400000000005,4.6758,-0.16785999999999923
85,FA2108E,4.5079400000000005,4.58531,-0.07736999999999927
86,FA2108K,4.5079400000000005,4.57215,-0.06420999999999921
87,FA2108D,4.5079400000000005,4.50836,-0.0004199999999991988
88,FA2108P,4.10182,4.39426,-0.29244000000000003
89,FA2108R,4.5013,4.66386,-0.16256000000000004
90,FA2108G,4.10418,4.14436,-0.04017999999999944
91,FA2108N,4.10418,4.092969999999999,0.011210000000001052
92,FA2108I,4.5079400000000005,4.64216,-0.13421999999999912
93,FA2108L,4.10418,4.11379,-0.009609999999999452
94,FA2108T,4.50558,4.5399400000000005,-0.03436000000000039
95,FA2108V,4.5079400000000005,4.57385,-0.06590999999999969
96,SA2035I,4.5138,11.2505,-6.736700000000001
97,SA2035D,4.52727,8.4853,-3.958030000000001
98,SA2035V,4.5138,4.67401,-0.16021000000000019
99,SA2035Q,4.5359,9.528889999999999,-4.992989999999999
100,SA2035T,4.50875,4.65077,-0.1420199999999996
101,SA2035Y,4.5078,17.9278,-13.420000000000002
102,SA2035C,4.50189,4.53166,-0.029769999999999186
103,SA2035W,4.55106,15.4941,-10.94304
104,SA2035G,4.50875,4.47502,0.03373000000000026
105,SA2035A,4.50875,4.51354,-0.00478999999999985
106,SA2035P,4.5359,4.58131,-0.045410000000000394
107,SA2035E,4.52727,9.03915,-4.51188
108,SA2035M,4.5359,9.40025,-4.86435
109,SA2035H,4.55342,12.4169,-7.86348
110,SA2035R,4.5078,7.655289999999999,-3.1474899999999995
111,SA2035F,4.5078,18.0648,-13.557000000000002
112,SA2035L,4.5138,14.3995,-9.8857
113,SA2035N,4.5138,11.7544,-7.240600000000001
114,SA2035K,4.55342,9.32591,-4.77249
115,EA2032S,4.50675,4.50675,0.0
116,EA2032V,4.50853,4.50853,0.0
117,EA2032F,4.50853,4.50675,0.0017800000000001148
118,EA2032W,4.50853,4.50853,0.0
119,EA2032Y,4.50853,4.50675,0.0017800000000001148
120,EA2032P,4.10511,4.18842,-0.08331
121,EA2032A,4.50675,4.50675,0.0
122,EA2032C,4.50675,4.50675,0.0
123,EA2032M,4.50853,4.50675,0.0017800000000001148
124,EA2032L,4.51539,4.51539,0.0
125,EA2032N,4.50675,4.50675,0.0
126,EA2032G,4.50189,4.50189,0.0
127,EA2032R,4.50875,4.50875,0.0
128,EA2032D,4.51539,4.51539,0.0
129,EA2032H,4.51539,4.51539,0.0
130,EA2032T,4.10511,4.18842,-0.08331
131,EA2032K,4.51539,4.51539,0.0
132,EA2032I,4.51539,4.51539,0.0
133,EA2032Q,4.50875,4.50875,0.0
134,EA2033M,4.51539,4.51539,0.0
135,EA2033H,4.51539,4.51539,0.0
136,EA2033G,4.51539,4.51539,0.0
137,EA2033R,4.51539,4.51539,0.0
138,EA2033N,4.51539,4.51539,0.0
139,EA2033Q,4.51539,4.51539,0.0
140,EA2033K,4.51539,4.51539,0.0
141,EA2033P,4.51539,4.51539,0.0
142,EA2033T,4.51539,4.51539,0.0
143,EA2033A,4.51539,4.51539,0.0
144,EA2033C,4.51539,4.51539,0.0
145,EA2033S,4.51539,4.51539,0.0
146,EA2033V,4.51539,4.51539,0.0
147,EA2033Y,4.51539,4.51539,0.0
148,EA2033D,4.50675,4.50675,0.0
149,EA2033F,4.51539,4.51539,0.0
150,EA2033I,4.51539,4.51539,0.0
151,EA2033L,4.51539,4.51539,0.0
152,EA2033W,4.51539,4.51539,0.0
153,RA2036L,4.50012,4.50012,0.0
154,RA2036Q,4.50815,4.50634,0.0018099999999998673
155,RA2036A,4.50675,4.50675,0.0
156,RA2036D,4.50675,4.50675,0.0
157,RA2036V,4.515,4.50875,0.006249999999999645
158,RA2036N,4.50815,4.50012,0.00802999999999976
159,RA2036M,4.50815,4.50012,0.00802999999999976
160,RA2036K,4.515,4.50875,0.006249999999999645
161,RA2036G,4.50675,4.50171,0.0050400000000001555
162,RA2036S,4.50675,4.50675,0.0
163,RA2036C,4.50815,4.50012,0.00802999999999976
164,RA2036I,4.50815,4.50012,0.00802999999999976
165,RA2036P,4.515,4.50675,0.008249999999999424
166,RA2036Y,4.50675,4.50675,0.0
167,RA2036T,4.50815,4.50012,0.00802999999999976
168,RA2036H,4.50675,4.50675,0.0
169,RA2036E,4.515,4.50875,0.006249999999999645
170,RA2036W,4.50675,4.50675,0.0
171,RA2036F,4.50675,4.50675,0.0
172,FA2070H,4.51539,4.51539,0.0
173,FA2070Q,4.51539,4.51539,0.0
174,FA2070M,4.51539,4.51539,0.0
175,FA2070L,4.51539,4.51539,0.0
176,FA2070S,4.508319999999999,4.508319999999999,0.0
177,FA2070G,4.508319999999999,4.508319999999999,0.0
178,FA2070V,4.508319999999999,4.508319999999999,0.0
179,FA2070P,4.50549,4.50847,-0.0029799999999999827
180,FA2070Y,4.51539,4.51539,0.0
181,FA2070C,4.508319999999999,4.508319999999999,0.0
182,FA2070E,4.50812,4.50874,-0.000620000000000509
183,FA2070W,4.51558,4.51558,0.0
184,FA2070R,4.5086900000000005,4.5086900000000005,0.0
185,FA2070K,4.5086900000000005,4.5086900000000005,0.0
186,FA2070T,4.51539,4.51539,0.0
187,FA2070A,4.508319999999999,4.508319999999999,0.0
188,FA2070N,4.51539,4.51539,0.0
189,FA2070I,4.51539,4.51539,0.0
190,FA2070D,4.51539,4.51539,0.0
191,VA2050K,4.51539,4.51539,0.0
192,VA2050M,4.51539,4.51539,0.0
193,VA2050R,4.51539,4.51539,0.0
194,VA2050P,4.51539,4.51539,0.0
195,VA2050N,4.51539,4.51539,0.0
196,VA2050I,4.51539,4.51539,0.0
197,VA2050E,4.50675,4.50675,0.0
198,VA2050Q,4.51539,4.51539,0.0
199,VA2050A,4.51539,4.51539,0.0
200,VA2050F,4.50675,4.50675,0.0
201,VA2050W,4.50853,4.50853,0.0
202,VA2050H,4.51539,4.51539,0.0
203,VA2050D,4.50675,4.50675,0.0
204,VA2050T,4.51539,4.51539,0.0
205,VA2050L,4.51539,4.51539,0.0
206,VA2050S,4.51539,4.51539,0.0
207,VA2050G,4.51539,4.51539,0.0
208,VA2050C,4.51539,4.51539,0.0
209,VA2050Y,4.50675,4.50675,0.0
210,LA2078D,4.508719999999999,4.49944,0.00927999999999951
211,LA2078A,4.5156,4.5080800000000005,0.007519999999999527
212,LA2078S,4.5156,4.5080800000000005,0.007519999999999527
213,LA2078C,4.5156,4.5080800000000005,0.007519999999999527
214,LA2078P,4.51558,4.5080800000000005,0.007499999999999396
215,LA2078T,4.51558,4.5080800000000005,0.007499999999999396
216,LA2078Y,4.49148,4.4916599999999995,-0.00017999999999940286
217,LA2078H,4.51558,4.51595,-0.0003700000000002035
218,LA2078N,4.5156,4.5080800000000005,0.007519999999999527
219,LA2078W,4.49148,4.53961,-0.04812999999999956
220,LA2078V,4.51558,4.5080800000000005,0.007499999999999396
221,LA2078K,4.49148,4.48896,0.002520000000000522
222,LA2078R,4.53907,4.68487,-0.14580000000000037
223,LA2078G,4.51558,4.5080800000000005,0.007499999999999396
224,LA2078I,4.51558,4.5080800000000005,0.007499999999999396
225,LA2078E,4.508719999999999,4.49944,0.00927999999999951
226,LA2078F,4.49148,4.4916599999999995,-0.00017999999999940286
227,LA2078M,4.51558,4.514869999999999,0.0007100000000006546
228,LA2078Q,4.5156,4.51595,-0.0003500000000000725
229,NA2093A,4.51539,4.51539,0.0
230,NA2093E,4.51539,4.51539,0.0
231,NA2093F,4.51539,4.51539,0.0
232,NA2093Q,4.51539,4.51539,0.0
233,NA2093I,4.51539,4.51539,0.0
234,NA2093K,4.51539,4.51539,0.0
235,NA2093D,4.51539,4.51539,0.0
236,NA2093C,4.51539,4.51539,0.0
237,NA2093G,4.51539,4.51539,0.0
238,NA2093Y,4.51539,4.51539,0.0
239,NA2093S,4.51539,4.51539,0.0
240,NA2093H,4.51539,4.51539,0.0
241,NA2093L,4.51539,4.51539,0.0
242,NA2093R,4.51539,4.51539,0.0
243,NA2093V,4.51539,4.51539,0.0
244,NA2093M,4.51539,4.51539,0.0
245,NA2093W,4.51539,4.51539,0.0
246,NA2093T,4.51539,4.51539,0.0
247,NA2093P,4.51539,4.51539,0.0
248,LA2054C,4.51539,4.51539,0.0
249,LA2054I,4.51539,4.51539,0.0
250,LA2054N,4.51539,4.51539,0.0
251,LA2054H,4.51539,4.51539,0.0
252,LA2054Q,4.51539,4.51539,0.0
253,LA2054A,4.51539,4.51539,0.0
254,LA2054P,4.51539,4.51539,0.0
255,LA2054G,4.51539,4.51539,0.0
256,LA2054R,4.51539,4.51539,0.0
257,LA2054W,4.51539,4.51539,0.0
258,LA2054S,4.51539,4.51539,0.0
259,LA2054V,4.51539,4.51539,0.0
260,LA2054M,4.51539,4.51539,0.0
261,LA2054T,4.51539,4.51539,0.0
262,LA2054K,4.51539,4.51539,0.0
263,LA2054D,4.50853,4.50675,0.0017800000000001148
264,LA2054Y,4.51539,4.51539,0.0
265,LA2054F,4.51539,4.51539,0.0
266,LA2054E,4.50853,4.50853,0.0
267,AA2081G,4.51539,4.52355,-0.008160000000000167
268,AA2081P,4.5224,4.53057,-0.008169999999999789
269,AA2081T,4.5224,4.52265,-0.00024999999999941735
270,AA2081E,4.51555,4.54643,-0.030879999999999797
271,AA2081K,4.500290000000001,4.5895,-0.08920999999999957
272,AA2081N,4.5224,4.51888,0.0035199999999999676
273,AA2081M,4.500290000000001,4.633380000000001,-0.13309000000000015
274,AA2081Y,4.500290000000001,4.53345,-0.033159999999999634
275,AA2081C,4.5224,4.5296,-0.007200000000000095
276,AA2081W,4.50301,4.6071800000000005,-0.10417000000000076
277,AA2081D,4.51555,4.49405,0.02150000000000052
278,AA2081S,4.51539,4.539630000000001,-0.024240000000000705
279,AA2081Q,4.4983,4.55691,-0.05860999999999983
280,AA2081L,4.5224,4.57526,-0.05285999999999991
281,AA2081F,4.500290000000001,4.54453,-0.04423999999999939
282,AA2081H,4.52439,4.51626,0.008130000000000415
283,AA2081V,4.5224,4.52535,-0.00295000000000023
284,AA2081R,4.52712,4.61943,-0.09231000000000034
285,AA2081I,4.5224,4.5993,-0.07690000000000019
286,LA2051H,4.51539,4.54304,-0.027650000000000396
287,LA2051I,4.51539,4.51539,0.0
288,LA2051T,4.51539,4.51539,0.0
289,LA2051V,4.51539,4.51539,0.0
290,LA2051K,4.51539,4.57085,-0.055460000000000065
291,LA2051F,4.5126599999999994,4.81115,-0.29849000000000014
292,LA2051Q,4.51539,4.529780000000001,-0.014390000000000569
293,LA2051G,4.51539,4.51539,0.0
294,LA2051A,4.51539,4.51539,0.0
295,LA2051E,4.51539,4.51539,0.0
296,LA2051M,4.51539,4.51539,0.0
297,LA2051R,4.51539,4.5237099999999995,-0.008319999999999439
298,LA2051W,4.54472,4.83312,-0.2884000000000002
299,LA2051S,4.51539,4.51539,0.0
300,LA2051N,4.51539,4.51539,0.0
301,LA2051D,4.51539,4.51539,0.0
302,LA2051Y,4.5126599999999994,4.63061,-0.11795000000000044
303,LA2051C,4.51539,4.51539,0.0
304,LA2051P,4.51539,4.51539,0.0
305,YA2074F,4.51539,4.51539,0.0
306,YA2074R,4.50853,4.50853,0.0
307,YA2074E,4.51539,4.51539,0.0
308,YA2074A,4.51539,4.51539,0.0
309,YA2074M,4.51539,4.51539,0.0
310,YA2074Q,4.51539,4.51539,0.0
311,YA2074I,4.49149,4.49149,0.0
312,YA2074C,4.51539,4.51539,0.0
313,YA2074D,4.50853,4.50675,0.0017800000000001148
314,YA2074G,4.51539,4.51539,0.0
315,YA2074T,4.51539,4.51539,0.0
316,YA2074K,4.50853,4.50853,0.0
317,YA2074L,4.51539,4.51539,0.0
318,YA2074H,4.51539,4.51539,0.0
319,YA2074W,4.50853,4.50675,0.0017800000000001148
320,YA2074P,4.51539,4.51539,0.0
321,YA2074S,4.51539,4.51539,0.0
322,YA2074N,4.51539,4.51539,0.0
323,YA2074V,4.51539,4.51539,0.0
324,TA2098G,4.51537,4.49487,0.020500000000000185
325,TA2098C,4.5153099999999995,4.48268,0.03262999999999927
326,TA2098V,4.51537,4.51276,0.002609999999999779
327,TA2098N,4.5153099999999995,5.30371,-0.7884000000000002
328,TA2098A,4.51537,4.50049,0.014879999999999782
329,TA2098S,4.51537,4.48268,0.032689999999999664
330,TA2098P,4.51584,4.43659,0.07925000000000004
331,TA2098Y,4.5153099999999995,4.89527,-0.3799600000000005
332,TA2098F,4.5153099999999995,4.25186,0.26344999999999974
333,TA2098W,4.5153099999999995,5.34092,-0.8256100000000002
334,TA2098M,4.5153099999999995,4.63293,-0.1176200000000005
335,TA2098K,4.5153099999999995,4.4589099999999995,0.056400000000000006
336,TA2098Q,4.5153099999999995,4.45885,0.05645999999999951
337,TA2098D,4.5153099999999995,5.61849,-1.103180000000001
338,TA2098R,4.5153099999999995,4.85631,-0.3410000000000002
339,TA2098L,4.5153099999999995,4.60139,-0.08608000000000082
340,TA2098I,4.5153099999999995,4.82735,-0.31204000000000054
341,TA2098H,4.5153099999999995,5.41994,-0.9046300000000009
342,TA2098E,4.5153099999999995,4.50408,0.011229999999999407
343,WA2084A,4.51539,4.51539,0.0
344,WA2084M,4.51539,4.51539,0.0
345,WA2084F,4.51539,4.51539,0.0
346,WA2084G,4.51539,4.51539,0.0
347,WA2084Y,4.51539,4.51539,0.0
348,WA2084T,4.51539,4.5195099999999995,-0.004119999999999457
349,WA2084C,4.51539,4.51539,0.0
350,WA2084Q,4.51539,4.51539,0.0
351,WA2084V,4.51539,4.52165,-0.006260000000000154
352,WA2084R,4.51539,4.51539,0.0
353,WA2084E,4.51539,4.51539,0.0
354,WA2084D,4.51539,4.51539,0.0
355,WA2084I,4.51539,4.51539,0.0
356,WA2084P,4.51539,4.51539,0.0
357,WA2084K,4.51539,4.51539,0.0
358,WA2084N,4.51539,4.51539,0.0
359,WA2084L,4.51539,4.51539,0.0
360,WA2084H,4.51539,4.51539,0.0
361,WA2084S,4.51539,4.51539,0.0
362,YA2038P,4.51122,4.848990000000001,-0.3377700000000008
363,YA2038I,4.53846,4.64145,-0.10299000000000014
364,YA2038F,4.5153099999999995,4.52977,-0.014460000000000583
365,YA2038D,4.51122,4.49787,0.013349999999999973
366,YA2038E,4.51122,4.47421,0.03700999999999954
367,YA2038L,4.51947,4.58039,-0.06092000000000031
368,YA2038N,4.51122,4.43764,0.07357999999999976
369,YA2038A,4.51122,4.60312,-0.09189999999999987
370,YA2038W,4.518759999999999,4.508859999999999,0.00990000000000002
371,YA2038S,4.51122,4.59293,-0.08171000000000017
372,YA2038T,4.51947,4.586869999999999,-0.06739999999999924
373,YA2038C,4.51122,4.56433,-0.05311000000000021
374,YA2038M,4.5153099999999995,4.55082,-0.035510000000000375
375,YA2038H,4.5153099999999995,4.562930000000001,-0.047620000000001106
376,YA2038G,4.51122,4.63616,-0.1249400000000005
377,YA2038K,4.5153099999999995,4.54347,-0.02816000000000063
378,YA2038R,4.5153099999999995,4.5517900000000004,-0.036480000000000956
379,YA2038Q,4.5153099999999995,4.56122,-0.04591000000000012
380,YA2038V,4.53846,4.65541,-0.11695000000000011
381,LA2031H,4.5130300000000005,4.82615,-0.3131199999999996
382,LA2031P,4.50439,4.57178,-0.0673900000000005
383,LA2031I,4.5130300000000005,4.54171,-0.028679999999999595
384,LA2031R,4.49153,4.504,-0.012469999999999537
385,LA2031A,4.50439,4.57765,-0.07326000000000032
386,LA2031Q,4.5130300000000005,4.54281,-0.029779999999999696
387,LA2031N,4.50439,4.49748,0.006909999999999528
388,LA2031D,4.50439,4.50931,-0.0049200000000002575
389,LA2031E,4.50439,4.53969,-0.03530000000000033
390,LA2031V,4.5130300000000005,4.5323199999999995,-0.01928999999999892
391,LA2031K,4.5130300000000005,4.58038,-0.06734999999999935
392,LA2031F,4.4830000000000005,4.5166900000000005,-0.03369
393,LA2031G,4.50439,4.60498,-0.1005900000000004
394,LA2031C,4.50439,4.5378099999999995,-0.03341999999999956
395,LA2031S,4.50439,4.57279,-0.06840000000000046
396,LA2031W,4.5130300000000005,5.2332,-0.7201699999999995
397,LA2031T,4.50439,4.52332,-0.018930000000000113
398,LA2031M,4.50439,4.52924,-0.024849999999999817
399,LA2031Y,4.4830000000000005,4.500030000000001,-0.0170300000000001
400,WA2101H,4.51013,4.7208,-0.21066999999999947
401,WA2101S,4.50131,3.94709,0.5542199999999999
402,WA2101P,4.50131,3.94582,0.5554900000000003
403,WA2101C,4.50131,3.9095800000000005,0.5917299999999996
404,WA2101T,4.50131,3.9025800000000004,0.5987299999999998
405,WA2101N,4.50131,4.91252,-0.41120999999999963
406,WA2101D,4.50131,4.92788,-0.4265699999999999
407,WA2101Y,4.51013,4.85915,-0.34901999999999944
408,WA2101M,4.51013,4.73607,-0.22593999999999959
409,WA2101I,4.50131,6.8439,-2.3425899999999995
410,WA2101K,4.50131,4.8681,-0.36678999999999995
411,WA2101E,4.50131,4.7358,-0.2344900000000001
412,WA2101A,4.50131,3.9520699999999995,0.5492400000000006
413,WA2101F,4.51013,4.72129,-0.21115999999999957
414,WA2101V,4.50131,3.88531,0.6160000000000001
415,WA2101G,4.50131,3.9937099999999996,0.5076000000000005
416,WA2101R,4.50131,4.69001,-0.18869999999999987
417,WA2101L,4.51013,4.6703,-0.16016999999999992
418,WA2101Q,4.50131,4.971080000000001,-0.46977000000000046
419,EA2029Y,4.51539,4.51539,0.0
420,EA2029W,4.51539,4.51539,0.0
421,EA2029D,4.50675,4.50675,0.0
422,EA2029G,4.51539,4.51539,0.0
423,EA2029F,4.51539,4.51539,0.0
424,EA2029V,4.51539,4.51539,0.0
425,EA2029I,4.51539,4.51539,0.0
426,EA2029L,4.50675,4.50675,0.0
427,EA2029M,4.51539,4.51539,0.0
428,EA2029K,4.50675,4.50675,0.0
429,EA2029Q,4.50675,4.50675,0.0
430,EA2029S,4.51539,4.51539,0.0
431,EA2029C,4.51539,4.51539,0.0
432,EA2029R,4.50675,4.50675,0.0
433,EA2029T,4.51539,4.51539,0.0
434,EA2029P,4.51497,4.51497,0.0
435,EA2029A,4.51539,4.51539,0.0
436,EA2029H,4.51539,4.51539,0.0
437,EA2029N,4.51539,4.51539,0.0
438,HA2024R,4.51539,4.51539,0.0
439,HA2024P,4.51539,4.51539,0.0
440,HA2024Q,4.51539,4.51539,0.0
441,HA2024Y,4.51539,4.51539,0.0
442,HA2024C,4.51539,4.51539,0.0
443,HA2024L,4.51539,4.51539,0.0
444,HA2024K,4.51539,4.51539,0.0
445,HA2024S,4.51539,4.51539,0.0
446,HA2024D,4.51539,4.51539,0.0
447,HA2024G,4.51539,4.51539,0.0
448,HA2024W,4.51539,4.51539,0.0
449,HA2024F,4.51539,4.51539,0.0
450,HA2024A,4.51539,4.51539,0.0
451,HA2024E,4.51539,4.51539,0.0
452,HA2024I,4.51539,4.51539,0.0
453,HA2024M,4.51539,4.51539,0.0
454,HA2024V,4.51539,4.51539,0.0
455,HA2024T,4.51539,4.51539,0.0
456,HA2024N,4.51539,4.51539,0.0
457,RA2110W,4.14783,4.14783,0.0
458,RA2110A,4.51539,4.51539,0.0
459,RA2110I,4.51539,4.51539,0.0
460,RA2110M,4.51539,4.52159,-0.006199999999999761
461,RA2110Y,4.51737,4.51737,0.0
462,RA2110D,4.51539,4.51539,0.0
463,RA2110S,4.51737,4.51737,0.0
464,RA2110N,4.51737,4.52126,-0.003890000000000171
465,RA2110E,4.51539,4.51539,0.0
466,RA2110V,4.51539,4.52159,-0.006199999999999761
467,RA2110H,4.51539,4.51539,0.0
468,RA2110L,4.51539,4.51539,0.0
469,RA2110Q,4.51539,4.51539,0.0
470,RA2110G,4.12559,4.12559,0.0
471,RA2110F,4.51539,4.51539,0.0
472,RA2110C,4.51737,4.51737,0.0
473,RA2110K,4.51539,4.51539,0.0
474,RA2110T,4.51539,4.51539,0.0
475,RA2110P,4.14783,4.17013,-0.02230000000000043
476,HA2106I,4.51582,4.51179,0.004029999999999312
477,HA2106K,4.51737,4.5158,0.0015700000000000713
478,HA2106A,4.1647099999999995,4.18677,-0.022060000000000635
479,HA2106S,4.51737,4.51466,0.002709999999999546
480,HA2106M,4.51737,4.5158,0.0015700000000000713
481,HA2106L,4.51737,4.51957,-0.002200000000000202
482,HA2106C,4.51737,4.51778,-0.00041000000000046555
483,HA2106F,4.51737,4.51976,-0.0023900000000001143
484,HA2106Y,4.51737,4.51969,-0.0023200000000000998
485,HA2106P,4.1619,4.5433699999999995,-0.3814699999999993
486,HA2106Q,4.51737,4.51581,0.0015599999999995617
487,HA2106E,4.1647099999999995,4.12982,0.034889999999999866
488,HA2106D,4.1647099999999995,4.12552,0.039189999999999614
489,HA2106V,4.1647099999999995,4.21248,-0.047770000000000756
490,HA2106R,4.51737,4.5158,0.0015700000000000713
491,HA2106T,4.51737,4.51302,0.004349999999999632
492,HA2106W,4.51737,4.51354,0.003829999999999778
493,HA2106G,4.51737,4.49263,0.02473999999999954
494,HA2106N,4.51737,4.51703,0.0003399999999995629
495,IA2111T,4.50675,4.50675,0.0
496,IA2111Q,4.50675,4.50853,-0.0017800000000001148
497,IA2111H,4.50675,4.50718,-0.0004299999999997084
498,IA2111D,4.50675,4.50675,0.0
499,IA2111E,4.50675,4.50853,-0.0017800000000001148
500,IA2111G,4.50675,4.50853,-0.0017800000000001148
501,IA2111A,4.50675,4.50675,0.0
502,IA2111K,4.50675,4.50675,0.0
503,IA2111P,4.50675,4.50853,-0.0017800000000001148
504,IA2111F,4.50675,4.57477,-0.06801999999999975
505,IA2111S,4.50675,4.50853,-0.0017800000000001148
506,IA2111L,4.5079400000000005,4.5079400000000005,0.0
507,IA2111N,4.50675,4.50853,-0.0017800000000001148
508,IA2111M,4.50675,4.50675,0.0
509,IA2111W,4.5079400000000005,4.5079400000000005,0.0
510,IA2111R,4.50675,4.50853,-0.0017800000000001148
511,IA2111C,4.50675,4.50675,0.0
512,IA2111V,4.51539,4.51539,0.0
513,IA2111Y,4.50675,4.50675,0.0
514,LA2103V,4.53188,4.5461599999999995,-0.014279999999999404
515,LA2103R,4.5269699999999995,4.53003,-0.0030600000000005068
516,LA2103I,4.52492,4.53863,-0.013710000000000555
517,LA2103H,4.52492,4.51539,0.009529999999999816
518,LA2103N,4.5224,4.51539,0.007010000000000183
519,LA2103M,4.52492,4.51539,0.009529999999999816
520,LA2103C,4.53188,4.54477,-0.012889999999999624
521,LA2103Q,4.52498,4.5283,-0.0033199999999995455
522,LA2103S,4.52313,4.50354,0.019589999999999996
523,LA2103F,4.52492,4.51539,0.009529999999999816
524,LA2103Y,4.5224,4.51539,0.007010000000000183
525,LA2103A,4.525119999999999,4.5053,0.019819999999999283
526,LA2103D,4.52541,4.51724,0.008169999999999789
527,LA2103W,4.52498,4.51539,0.00959000000000021
528,LA2103E,4.52498,4.53375,-0.008770000000000167
529,LA2103K,4.52492,4.53329,-0.00837000000000021
530,LA2103G,4.525119999999999,4.52236,0.0027599999999994296
531,LA2103T,4.525119999999999,4.54306,-0.01794000000000029
532,LA2103P,4.525119999999999,4.50066,0.024459999999999482
533,LA2097T,4.51307,4.46929,0.04377999999999993
534,LA2097E,4.51591,4.46994,0.04596999999999962
535,LA2097A,4.51307,4.48054,0.032529999999999504
536,LA2097W,4.48696,4.53573,-0.0487700000000002
537,LA2097F,4.49906,5.10534,-0.6062799999999999
538,LA2097Y,4.48695,6.15526,-1.66831
539,LA2097V,4.51506,4.53031,-0.015249999999999986
540,LA2097R,4.51506,4.55771,-0.04265000000000008
541,LA2097G,4.51307,4.47288,0.04018999999999995
542,LA2097C,4.51307,4.46929,0.04377999999999993
543,LA2097Q,4.51307,4.51848,-0.005410000000000359
544,LA2097N,4.51307,4.49264,0.02043000000000017
545,LA2097S,4.51307,4.46929,0.04377999999999993
546,LA2097P,4.51506,4.48054,0.03451999999999966
547,LA2097D,4.51585,4.45518,0.06067
548,LA2097M,4.51307,4.60658,-0.0935100000000002
549,LA2097I,4.51578,4.50148,0.014300000000000423
550,LA2097K,4.51506,4.48399,0.03106999999999971
551,LA2097H,4.51313,4.66015,-0.14701999999999948
552,EA2041L,4.51539,4.51539,0.0
553,EA2041A,4.51539,4.51539,0.0
554,EA2041Y,4.51539,4.51539,0.0
555,EA2041I,4.51539,4.51539,0.0
556,EA2041K,4.51539,4.51539,0.0
557,EA2041D,4.51539,4.51539,0.0
558,EA2041Q,4.51539,4.51539,0.0
559,EA2041S,4.51539,4.51539,0.0
560,EA2041F,4.51539,4.51539,0.0
561,EA2041V,4.51539,4.51539,0.0
562,EA2041N,4.51539,4.51539,0.0
563,EA2041T,4.51539,4.51539,0.0
564,EA2041P,4.51539,4.51539,0.0
565,EA2041H,4.51539,4.51539,0.0
566,EA2041M,4.51539,4.51539,0.0
567,EA2041G,4.51539,4.51539,0.0
568,EA2041C,4.51539,4.51539,0.0
569,EA2041W,4.51539,4.51539,0.0
570,EA2041R,4.51539,4.51539,0.0
571,YA2104I,4.5130300000000005,4.57547,-0.06243999999999961
572,YA2104Q,4.51539,4.64202,-0.12662999999999958
573,YA2104G,4.51539,4.4839199999999995,0.03147000000000055
574,YA2104S,4.51539,4.51427,0.001120000000000232
575,YA2104D,4.50853,4.47203,0.0365000000000002
576,YA2104E,4.50853,4.54478,-0.03624999999999989
577,YA2104R,4.51539,4.6983,-0.18290999999999968
578,YA2104A,4.51539,4.5508,-0.03540999999999972
579,YA2104M,4.54151,4.75845,-0.21694000000000013
580,YA2104P,4.51539,4.62975,-0.11435999999999957
581,YA2104K,4.54151,4.69568,-0.15417000000000058
582,YA2104C,4.51539,4.4749,0.04049000000000014
583,YA2104V,4.51539,4.54089,-0.025500000000000078
584,YA2104F,4.51539,4.5291,-0.013709999999999667
585,YA2104W,4.51539,4.71034,-0.1949500000000004
586,YA2104L,4.51539,4.54537,-0.029980000000000118
587,YA2104T,4.54472,4.6569400000000005,-0.11222000000000065
588,YA2104H,4.51539,4.4668,0.04858999999999991
589,YA2104N,4.51539,4.53435,-0.018959999999999866
590,HA2028S,4.1286,4.10083,0.027769999999999406
591,HA2028E,4.50675,4.50675,0.0
592,HA2028A,4.1286,4.10083,0.027769999999999406
593,HA2028T,4.51965,4.51685,0.00280000000000058
594,HA2028K,4.50675,4.52044,-0.013689999999999536
595,HA2028V,4.51965,4.52044,-0.0007899999999994023
596,HA2028M,4.50675,4.50675,0.0
597,HA2028F,4.50675,4.50675,0.0
598,HA2028N,4.50675,4.50675,0.0
599,HA2028R,4.50675,4.520580000000001,-0.013830000000000453
600,HA2028G,4.10229,4.10083,0.0014599999999997948
601,HA2028W,4.50675,4.50675,0.0
602,HA2028I,4.1286,4.45407,-0.32547000000000015
603,HA2028Y,4.50675,4.50675,0.0
604,HA2028P,4.10229,4.10083,0.0014599999999997948
605,HA2028C,4.50675,4.520580000000001,-0.013830000000000453
606,HA2028Q,4.51965,4.520580000000001,-0.0009300000000003195
607,HA2028D,4.50675,4.50675,0.0
608,HA2028L,4.51539,4.51539,0.0
609,AA2034E,4.50675,4.6211,-0.11434999999999995
610,AA2034P,4.51539,4.51539,0.0
611,AA2034D,4.50675,4.56358,-0.056829999999999714
612,AA2034K,4.54472,4.76375,-0.21903000000000006
613,AA2034F,4.54472,5.72464,-1.17992
614,AA2034H,4.51539,5.06326,-0.5478699999999996
615,AA2034I,4.51539,4.6013,-0.08591000000000015
616,AA2034N,4.54472,4.63265,-0.08793000000000006
617,AA2034C,4.51539,4.556109999999999,-0.04071999999999942
618,AA2034Q,4.51539,4.63584,-0.12044999999999995
619,AA2034M,4.51539,4.74496,-0.22956999999999983
620,AA2034R,4.51539,4.57595,-0.060559999999999725
621,AA2034Y,4.56224,6.735519999999999,-2.173279999999999
622,AA2034L,4.54472,4.59959,-0.054870000000000196
623,AA2034T,4.51539,4.51704,-0.0016499999999997073
624,AA2034V,4.54472,4.69343,-0.14871000000000034
625,AA2034G,4.51539,4.51539,0.0
626,AA2034W,4.51539,4.51539,0.0
627,AA2034S,4.51539,4.525519999999999,-0.010129999999999306
628,FA2039T,4.51204,4.70637,-0.1943299999999999
629,FA2039E,4.51969,5.80819,-1.2885
630,FA2039S,4.51204,4.90321,-0.3911699999999998
631,FA2039D,4.51204,5.6965,-1.1844600000000005
632,FA2039L,4.51204,4.21471,0.29732999999999965
633,FA2039R,4.51204,6.08908,-1.5770400000000002
634,FA2039K,4.51204,5.5548,-1.0427600000000004
635,FA2039Y,4.51969,5.24904,-0.7293500000000002
636,FA2039W,4.51969,4.51852,0.0011700000000001154
637,FA2039Q,4.51204,5.74838,-1.2363400000000002
638,FA2039N,4.51204,5.14329,-0.6312500000000005
639,FA2039M,4.51969,4.6384099999999995,-0.11871999999999971
640,FA2039I,4.51204,6.19411,-1.6820700000000004
641,FA2039V,4.52677,4.08022,0.4465500000000002
642,FA2039G,4.51204,3.98636,0.5256799999999999
643,FA2039A,4.51204,3.9791,0.53294
644,FA2039H,4.51204,4.792669999999999,-0.2806299999999995
645,FA2039C,4.51204,4.47668,0.035359999999999836
646,FA2039P,4.51204,4.1650599999999995,0.3469800000000003
647,RA2042M,4.5146,4.50922,0.005379999999999718
648,RA2042E,4.5146,4.549519999999999,-0.03491999999999962
649,RA2042A,4.51467,4.54315,-0.02848000000000006
650,RA2042S,4.51467,4.5332,-0.018530000000000157
651,RA2042T,4.51467,4.548369999999999,-0.03369999999999962
652,RA2042N,4.51467,4.5332,-0.018530000000000157
653,RA2042D,4.51467,4.5332,-0.018530000000000157
654,RA2042K,4.51467,4.52187,-0.007200000000000095
655,RA2042L,4.51467,4.51355,0.0011199999999993437
656,RA2042I,4.51467,4.54668,-0.03201000000000054
657,RA2042V,4.51467,4.56297,-0.04830000000000023
658,RA2042W,4.5146,4.54435,-0.029749999999999943
659,RA2042G,4.51467,4.52307,-0.008399999999999963
660,RA2042H,4.51467,4.52109,-0.006420000000000314
661,RA2042C,4.51467,4.5332,-0.018530000000000157
662,RA2042Q,4.5146,4.50986,0.0047399999999999665
663,RA2042F,4.5146,4.52963,-0.015030000000000321
664,RA2042Y,4.5146,4.5475,-0.032900000000000595
665,RA2042P,4.51467,4.56452,-0.04985000000000017
666,AA2100S,4.51539,4.52974,-0.014350000000000307
667,AA2100R,4.5153099999999995,4.73626,-0.2209500000000002
668,AA2100N,4.51539,4.68118,-0.16579000000000033
669,AA2100L,4.51539,4.75646,-0.24106999999999967
670,AA2100W,4.51539,5.25155,-0.7361599999999999
671,AA2100H,4.51539,5.01756,-0.5021699999999996
672,AA2100T,4.51539,4.62704,-0.11165000000000003
673,AA2100V,4.51539,4.761080000000001,-0.24569000000000063
674,AA2100F,4.51539,5.07761,-0.5622199999999999
675,AA2100I,4.51539,4.78229,-0.2668999999999997
676,AA2100Y,4.51539,5.0757,-0.5603100000000003
677,AA2100P,4.51539,4.49338,0.022009999999999863
678,AA2100K,4.51539,4.64555,-0.13016000000000005
679,AA2100C,4.51539,4.61766,-0.10226999999999986
680,AA2100E,4.51539,4.68537,-0.1699799999999998
681,AA2100M,4.51539,5.0357400000000005,-0.5203500000000005
682,AA2100D,4.51539,4.6405400000000006,-0.12515000000000054
683,AA2100Q,4.51539,4.63166,-0.1162700000000001
684,AA2100G,4.51539,4.44925,0.06613999999999987
685,SA2112E,4.51539,4.51539,0.0
686,SA2112L,4.51539,4.51539,0.0
687,SA2112R,4.12389,4.12389,0.0
688,SA2112W,4.51539,4.51539,0.0
689,SA2112Q,4.51539,4.51539,0.0
690,SA2112I,4.51539,4.51539,0.0
691,SA2112M,4.51539,4.51539,0.0
692,SA2112C,4.51539,4.51539,0.0
693,SA2112A,4.51539,4.51539,0.0
694,SA2112N,4.51539,4.51539,0.0
695,SA2112G,4.51539,4.51539,0.0
696,SA2112Y,4.51539,4.51539,0.0
697,SA2112D,4.51539,4.51539,0.0
698,SA2112F,4.51539,4.51539,0.0
699,SA2112K,4.51539,4.51539,0.0
700,SA2112T,4.51539,4.51539,0.0
701,SA2112V,4.51539,4.51539,0.0
702,SA2112P,4.51539,4.51539,0.0
703,SA2112H,4.51539,4.51539,0.0
704,KA2095V,4.51539,4.51539,0.0
705,KA2095P,4.51539,4.51539,0.0
706,KA2095L,4.51539,4.51539,0.0
707,KA2095A,4.51539,4.51539,0.0
708,KA2095W,4.51539,4.51539,0.0
709,KA2095N,4.51539,4.51539,0.0
710,KA2095Q,4.51539,4.51539,0.0
711,KA2095T,4.51539,4.51539,0.0
712,KA2095Y,4.51539,4.51539,0.0
713,KA2095D,4.51539,4.51539,0.0
714,KA2095I,4.51539,4.51539,0.0
715,KA2095F,4.51539,4.51539,0.0
716,KA2095M,4.51539,4.51539,0.0
717,KA2095E,4.51539,4.51539,0.0
718,KA2095C,4.51539,4.51539,0.0
719,KA2095R,4.51539,4.51539,0.0
720,KA2095G,4.51539,4.51539,0.0
721,KA2095S,4.51539,4.51539,0.0
722,KA2095H,4.51539,4.51539,0.0
723,QA2099I,4.51539,4.513240000000001,0.00214999999999943
724,QA2099E,4.5138300000000005,4.50296,0.010870000000000601
725,QA2099V,4.51539,4.513240000000001,0.00214999999999943
726,QA2099G,4.51353,4.53106,-0.017529999999999824
727,QA2099L,4.51539,4.51539,0.0
728,QA2099D,4.51539,4.51539,0.0
729,QA2099H,4.51539,4.51539,0.0
730,QA2099R,4.51539,4.51539,0.0
731,QA2099W,4.51539,4.51539,0.0
732,QA2099F,4.51539,4.51539,0.0
733,QA2099P,4.51537,4.49506,0.020310000000000272
734,QA2099A,4.51539,4.51778,-0.0023900000000001143
735,QA2099N,4.51539,4.51539,0.0
736,QA2099S,4.51353,4.54746,-0.033929999999999794
737,QA2099Y,4.51539,4.51539,0.0
738,QA2099K,4.51539,4.51539,0.0
739,QA2099C,4.51353,4.5138,-0.0002699999999995484
740,QA2099T,4.5138300000000005,4.51509,-0.0012599999999993727
741,QA2099M,4.51353,4.51293,0.000600000000000378
742,NA2043Y,4.51539,4.51539,0.0
743,NA2043H,4.51539,4.51539,0.0
744,NA2043C,4.51539,4.51539,0.0
745,NA2043K,4.51539,4.51539,0.0
746,NA2043I,4.51467,4.51467,0.0
747,NA2043R,4.51539,4.51539,0.0
748,NA2043E,4.51539,4.51539,0.0
749,NA2043G,4.51539,4.51539,0.0
750,NA2043V,4.51539,4.51539,0.0
751,NA2043Q,4.51539,4.51539,0.0
752,NA2043M,4.51539,4.51539,0.0
753,NA2043L,4.51539,4.51539,0.0
754,NA2043P,4.51467,4.51467,0.0
755,NA2043T,4.51539,4.51539,0.0
756,NA2043D,4.51539,4.51539,0.0
757,NA2043W,4.51539,4.51539,0.0
758,NA2043A,4.51539,4.51539,0.0
759,NA2043S,4.51539,4.51539,0.0
760,NA2043F,4.51539,4.51539,0.0
761,GA2040C,4.51539,4.5757,-0.06031000000000031
762,GA2040S,4.51539,5.05546,-0.54007
763,GA2040F,4.51539,4.8355,-0.3201099999999997
764,GA2040D,4.51539,5.0206800000000005,-0.5052900000000005
765,GA2040H,4.51539,4.82417,-0.3087799999999996
766,GA2040R,4.51539,4.91069,-0.39529999999999976
767,GA2040L,4.51539,4.81451,-0.2991200000000003
768,GA2040M,4.51539,4.57704,-0.061650000000000205
769,GA2040N,4.51539,4.8531,-0.3377100000000004
770,GA2040I,4.51539,4.95637,-0.4409799999999997
771,GA2040Q,4.51539,5.18984,-0.6744500000000002
772,GA2040W,4.51539,5.03099,-0.5156000000000001
773,GA2040T,4.51539,7.28603,-2.77064
774,GA2040A,4.51539,4.53808,-0.022689999999999877
775,GA2040E,4.51539,5.30422,-0.7888299999999999
776,GA2040K,4.51539,4.82905,-0.3136599999999996
777,GA2040V,4.51539,6.371980000000001,-1.8565900000000006
778,GA2040P,4.51969,7.5874,-3.06771
779,GA2040Y,4.51539,4.86801,-0.35261999999999993
780,DA2096E,4.51539,4.51539,0.0
781,DA2096V,4.51539,4.51539,0.0
782,DA2096I,4.51539,4.51539,0.0
783,DA2096C,4.51539,4.51539,0.0
784,DA2096Y,4.51539,4.51539,0.0
785,DA2096M,4.51539,4.51539,0.0
786,DA2096W,4.51539,4.51539,0.0
787,DA2096A,4.51539,4.51539,0.0
788,DA2096K,4.51539,4.51539,0.0
789,DA2096Q,4.51539,4.51539,0.0
790,DA2096S,4.51539,4.51539,0.0
791,DA2096G,4.51539,4.51539,0.0
792,DA2096T,4.51539,4.51539,0.0
793,DA2096P,4.51539,4.51539,0.0
794,DA2096R,4.51539,4.51539,0.0
795,DA2096F,4.51539,4.51539,0.0
796,DA2096H,4.51539,4.51539,0.0
797,DA2096L,4.51539,4.51539,0.0
798,DA2096N,4.51539,4.51539,0.0
799,LA2037Q,4.51539,4.51539,0.0
800,LA2037Y,4.51539,4.51539,0.0
801,LA2037H,4.51539,4.51539,0.0
802,LA2037A,4.51539,4.51539,0.0
803,LA2037T,4.51539,4.51539,0.0
804,LA2037S,4.51539,4.51539,0.0
805,LA2037V,4.51539,4.51539,0.0
806,LA2037W,4.50853,4.50675,0.0017800000000001148
807,LA2037E,4.50853,4.50675,0.0017800000000001148
808,LA2037M,4.51539,4.51539,0.0
809,LA2037G,4.51539,4.51513,0.00025999999999992696
810,LA2037D,4.50853,4.50675,0.0017800000000001148
811,LA2037P,4.51539,4.51539,0.0
812,LA2037C,4.51539,4.51539,0.0
813,LA2037K,4.51539,4.51539,0.0
814,LA2037F,4.51539,4.51539,0.0
815,LA2037N,4.51539,4.51539,0.0
816,LA2037I,4.51539,4.51539,0.0
817,LA2037R,4.51539,4.51539,0.0
818,EA2025H,4.51539,4.51539,0.0
819,EA2025R,4.51539,4.51539,0.0
820,EA2025P,4.51539,4.51539,0.0
821,EA2025D,4.51539,4.51539,0.0
822,EA2025Q,4.51539,4.51539,0.0
823,EA2025L,4.51539,4.51539,0.0
824,EA2025A,4.51539,4.51539,0.0
825,EA2025K,4.51539,4.51539,0.0
826,EA2025M,4.51539,4.51539,0.0
827,EA2025I,4.51539,4.51539,0.0
828,EA2025G,4.51539,4.51539,0.0
829,EA2025V,4.51539,4.51539,0.0
830,EA2025S,4.51539,4.51539,0.0
831,EA2025W,4.51539,4.51539,0.0
832,EA2025C,4.51539,4.51539,0.0
833,EA2025N,4.51539,4.51539,0.0
834,EA2025Y,4.51539,4.51539,0.0
835,EA2025F,4.51539,4.51539,0.0
836,EA2025T,4.51539,4.51539,0.0
837,YA2105A,4.10229,4.28942,-0.1871299999999998
838,YA2105C,4.10229,4.25021,-0.14792000000000005
839,YA2105G,4.10229,4.21073,-0.10843999999999987
840,YA2105P,4.10042,5.0747,-0.9742800000000003
841,YA2105K,4.10049,4.6230400000000005,-0.5225500000000007
842,YA2105D,4.12389,4.28033,-0.1564399999999999
843,YA2105I,4.12389,5.081519999999999,-0.9576299999999991
844,YA2105L,4.12389,4.60778,-0.4838899999999997
845,YA2105T,4.10229,4.2496,-0.14731000000000005
846,YA2105R,4.10049,5.00068,-0.9001900000000003
847,YA2105F,4.12389,3.9428,0.1810900000000002
848,YA2105Q,4.5049,5.17044,-0.66554
849,YA2105E,4.10049,5.11235,-1.0118600000000004
850,YA2105S,4.10229,4.255719999999999,-0.1534299999999993
851,YA2105V,4.10229,4.35089,-0.2485999999999997
852,YA2105M,4.12389,4.550269999999999,-0.4263799999999991
853,YA2105N,4.10229,4.36788,-0.26559000000000044
854,YA2105W,4.12209,4.63507,-0.5129799999999998
855,YA2105H,4.12389,4.60074,-0.4768499999999998
856,WA2027R,4.51539,4.51539,0.0
857,WA2027H,4.51539,4.51539,0.0
858,WA2027P,4.51539,4.51539,0.0
859,WA2027F,4.51539,4.51539,0.0
860,WA2027A,4.51539,4.51539,0.0
861,WA2027N,4.51539,4.51539,0.0
862,WA2027C,4.51539,4.51539,0.0
863,WA2027M,4.51539,4.51539,0.0
864,WA2027Q,4.51539,4.51539,0.0
865,WA2027S,4.51539,4.51539,0.0
866,WA2027E,4.50675,4.50675,0.0
867,WA2027D,4.50675,4.50675,0.0
868,WA2027K,4.50675,4.50675,0.0
869,WA2027T,4.51539,4.51539,0.0
870,WA2027I,4.51539,4.51539,0.0
871,WA2027V,4.51539,4.51539,0.0
872,WA2027L,4.51539,4.51539,0.0
873,WA2027G,4.51539,4.51539,0.0
874,WA2027Y,4.51539,4.51539,0.0
875,VA2107W,4.49112,4.50646,-0.015340000000000131
876,VA2107P,4.49327,4.54957,-0.05630000000000024
877,VA2107E,4.4863599999999995,4.49631,-0.009950000000000792
878,VA2107D,4.4863599999999995,4.49599,-0.009630000000000472
879,VA2107S,4.491280000000001,4.47281,0.018470000000000653
880,VA2107Y,4.4932300000000005,4.5099800000000005,-0.016750000000000043
881,VA2107G,4.49327,4.53734,-0.0440700000000005
882,VA2107A,4.491280000000001,4.4865699999999995,0.004710000000001102
883,VA2107R,4.4932300000000005,4.50305,-0.009819999999999496
884,VA2107Q,4.4931,4.5063699999999995,-0.013269999999999449
885,VA2107L,4.49112,4.50815,-0.0170300000000001
886,VA2107T,4.491280000000001,4.51717,-0.025889999999999525
887,VA2107I,4.4913300000000005,4.4917,-0.0003699999999993153
888,VA2107M,4.4931,4.51014,-0.017039999999999722
889,VA2107H,4.4931,4.50928,-0.016180000000000305
890,VA2107C,4.491280000000001,4.4887,0.002580000000000915
891,VA2107K,4.49329,4.531540000000001,-0.03825000000000056
892,VA2107N,4.49327,4.50596,-0.01269000000000009
893,VA2107F,4.4932300000000005,4.50976,-0.01652999999999949
894,GA2030L,4.51539,4.51539,0.0
895,GA2030Q,4.51539,4.51539,0.0
896,GA2030I,4.51539,4.51539,0.0
897,GA2030K,4.51539,4.51539,0.0
898,GA2030T,4.51539,4.51539,0.0
899,GA2030H,4.51539,4.51539,0.0
900,GA2030E,4.51539,4.51539,0.0
901,GA2030F,4.51539,4.51539,0.0
902,GA2030V,4.51539,4.51539,0.0
903,GA2030M,4.51539,4.51539,0.0
904,GA2030W,4.51539,4.51539,0.0
905,GA2030D,4.51539,4.51539,0.0
906,GA2030P,4.51539,4.51539,0.0
907,GA2030A,4.51539,4.51539,0.0
908,GA2030R,4.51539,4.51539,0.0
909,GA2030S,4.51539,4.51539,0.0
910,GA2030C,4.51539,4.51539,0.0
911,GA2030Y,4.51539,4.51539,0.0
912,GA2030N,4.51539,4.51539,0.0
913,DA2102E,4.5138300000000005,4.54908,-0.03524999999999956
914,DA2102G,4.51353,4.462359999999999,0.051170000000000826
915,DA2102H,4.51382,4.54741,-0.03359000000000023
916,DA2102Q,4.51353,4.53735,-0.02381999999999973
917,DA2102T,4.51353,4.53046,-0.016929999999999445
918,DA2102S,4.51353,4.5258400000000005,-0.012310000000000265
919,DA2102P,4.5138300000000005,4.70171,-0.18787999999999982
920,DA2102L,4.51382,4.64481,-0.13098999999999972
921,DA2102Y,4.51582,4.51037,0.005449999999999733
922,DA2102R,4.51527,4.53404,-0.018769999999999953
923,DA2102I,4.51382,4.55733,-0.04351000000000038
924,DA2102W,4.51582,4.50369,0.012129999999999974
925,DA2102K,4.5132900000000005,4.4967,0.01659000000000077
926,DA2102V,4.51353,4.57293,-0.05940000000000012
927,DA2102C,4.51353,4.59101,-0.07747999999999955
928,DA2102F,4.51582,4.52463,-0.008810000000000429
929,DA2102M,4.51353,4.50946,0.004070000000000462
930,DA2102N,4.51353,4.59865,-0.08511999999999986
931,DA2102A,4.51353,4.5492300000000006,-0.03570000000000029
932,HA2055S,4.51539,4.53303,-0.0176400000000001
933,HA2055C,4.51539,4.53303,-0.0176400000000001
934,HA2055N,4.51539,4.53303,-0.0176400000000001
935,HA2055D,4.51539,4.53303,-0.0176400000000001
936,HA2055L,4.51539,4.51539,0.0
937,HA2055Y,4.51539,4.51539,0.0
938,HA2055T,4.51539,4.53303,-0.0176400000000001
939,HA2055E,4.51539,4.53303,-0.0176400000000001
940,HA2055Q,4.51539,4.53303,-0.0176400000000001
941,HA2055G,4.51539,4.51539,0.0
942,HA2055I,4.51539,4.53303,-0.0176400000000001
943,HA2055V,4.51539,4.53303,-0.0176400000000001
944,HA2055A,4.51539,4.53303,-0.0176400000000001
945,HA2055R,4.51539,4.53303,-0.0176400000000001
946,HA2055F,4.51539,4.58373,-0.06834000000000007
947,HA2055M,4.51539,4.54004,-0.024650000000000283
948,HA2055K,4.51539,4.53303,-0.0176400000000001
949,HA2055W,4.51539,4.53303,-0.0176400000000001
950,HA2055P,4.51539,4.51539,0.0
951,MA2026Q,4.51539,4.51539,0.0
952,MA2026C,4.51539,4.51539,0.0
953,MA2026D,4.51539,4.51539,0.0
954,MA2026A,4.51539,4.51539,0.0
955,MA2026H,4.51539,4.51539,0.0
956,MA2026P,4.51539,4.51539,0.0
957,MA2026E,4.51539,4.51539,0.0
958,MA2026T,4.51539,4.51539,0.0
959,MA2026G,4.51539,4.51539,0.0
960,MA2026W,4.51539,4.51539,0.0
961,MA2026Y,4.51539,4.51539,0.0
962,MA2026F,4.51539,4.51539,0.0
963,MA2026K,4.51539,4.51539,0.0
964,MA2026V,4.51539,4.51539,0.0
965,MA2026R,4.51539,4.51539,0.0
966,MA2026I,4.51539,4.51539,0.0
967,MA2026N,4.51539,4.51539,0.0
968,MA2026S,4.51539,4.51539,0.0
969,MA2026L,4.51539,4.51539,0.0

