1,YA2088R,4.51539,4.51539,0.0
2,YA2088M,4.51539,4.51539,0.0
3,YA2088D,4.51591,4.51273,0.0031799999999995165
4,YA2088T,4.51591,4.51591,0.0
5,YA2088V,4.51539,4.51539,0.0
6,YA2088C,4.51591,4.51591,0.0
7,YA2088S,4.51591,4.51591,0.0
8,YA2088I,4.51539,4.51539,0.0
9,YA2088L,4.51539,4.51539,0.0
10,YA2088W,4.51122,4.51122,0.0
11,YA2088F,4.51539,4.51539,0.0
12,YA2088Q,4.51539,4.51539,0.0
13,YA2088P,4.51591,4.51591,0.0
14,YA2088K,4.51539,4.51539,0.0
15,YA2088E,4.51539,4.51539,0.0
16,YA2088A,4.51591,4.51591,0.0
17,YA2088G,4.51591,4.51591,0.0
18,YA2088H,4.51539,4.51539,0.0
19,YA2088N,4.51539,4.51539,0.0
20,VA2094Y,4.51539,4.51539,0.0
21,VA2094E,4.51537,4.51537,0.0
22,VA2094R,4.51537,4.560169999999999,-0.04479999999999951
23,VA2094L,4.51539,4.51539,0.0
24,VA2094W,4.51539,3.8319900000000002,0.6833999999999998
25,VA2094F,4.51539,4.51539,0.0
26,VA2094G,4.51537,4.51537,0.0
27,VA2094A,4.51537,4.51537,0.0
28,VA2094I,4.51539,4.51539,0.0
29,VA2094C,4.51539,4.51539,0.0
30,VA2094T,4.51539,4.51539,0.0
31,VA2094K,4.51539,4.51539,0.0
32,VA2094D,4.51539,4.51539,0.0
33,VA2094M,4.5153099999999995,4.5153099999999995,0.0
34,VA2094Q,4.51539,4.51539,0.0
35,VA2094H,4.51539,4.51539,0.0
36,VA2094P,4.51537,4.51537,0.0
37,VA2094S,4.51537,4.51537,0.0
38,VA2094N,4.51539,4.51539,0.0
39,RA2109T,4.40696,4.46805,-0.06109000000000009
40,RA2109Q,4.10511,4.09159,0.013519999999999754
41,RA2109N,4.10511,4.137580000000001,-0.03247000000000089
42,RA2109E,4.10229,3.96654,0.13574999999999982
43,RA2109K,4.11536,4.08488,0.03047999999999984
44,RA2109G,4.10229,4.38925,-0.28695999999999966
45,RA2109M,4.10511,4.5016300000000005,-0.39652000000000065
46,RA2109Y,4.10511,4.296209999999999,-0.1910999999999996
47,RA2109V,4.37793,4.39605,-0.018119999999999692
48,RA2109F,4.12678,4.36817,-0.24139
49,RA2109H,4.41132,4.30359,0.1077300000000001
50,RA2109A,4.10511,4.43714,-0.3320300000000005
51,RA2109D,4.10229,4.15953,-0.05724000000000018
52,RA2109I,4.37793,4.39432,-0.01638999999999946
53,RA2109S,4.12678,4.400980000000001,-0.27420000000000044
54,RA2109P,4.41109,4.64421,-0.23312000000000044
55,RA2109W,4.10511,4.2386099999999995,-0.13349999999999973
56,RA2109C,4.41403,4.47618,-0.06214999999999993
57,RA2109L,4.10511,4.51914,-0.41403000000000034
58,MA2047Q,4.5153099999999995,4.52419,-0.008880000000000443
59,MA2047H,4.53391,4.5634,-0.029490000000000016
60,MA2047W,4.51539,4.64941,-0.13401999999999958
61,MA2047F,4.53311,4.54555,-0.012440000000000673
62,MA2047P,4.5153099999999995,4.5153099999999995,0.0
63,MA2047T,4.5153099999999995,4.5153099999999995,0.0
64,MA2047L,4.5153099999999995,4.5212699999999995,-0.005959999999999965
65,MA2047R,4.5153099999999995,4.54246,-0.027150000000000674
66,MA2047E,4.5153099999999995,4.5153099999999995,0.0
67,MA2047K,4.51539,4.51976,-0.004369999999999763
68,MA2047Y,4.53311,4.54199,-0.008880000000000443
69,MA2047I,4.53368,4.53843,-0.004749999999999588
70,MA2047V,4.5153099999999995,4.5222,-0.006890000000000285
71,MA2047A,4.5153099999999995,4.5222,-0.006890000000000285
72,MA2047S,4.5153099999999995,4.5222,-0.006890000000000285
73,MA2047N,4.5153099999999995,4.52798,-0.012670000000000847
74,MA2047C,4.5153099999999995,4.5153099999999995,0.0
75,MA2047G,4.5153099999999995,4.5222,-0.006890000000000285
76,MA2047D,4.5153099999999995,4.5153099999999995,0.0
77,FA2108Y,4.50675,4.507219999999999,-0.00046999999999908226
78,FA2108Q,4.10418,4.15423,-0.050049999999999706
79,FA2108A,4.5079400000000005,4.49506,0.01288000000000089
80,FA2108W,4.50675,4.51777,-0.011019999999999364
81,FA2108H,4.50675,4.49929,0.007460000000000022
82,FA2108S,4.5079400000000005,4.47938,0.028560000000000585
83,FA2108C,4.10418,4.1029800000000005,0.0011999999999998678
84,FA2108M,4.5079400000000005,4.6758,-0.16785999999999923
85,FA2108E,4.5079400000000005,4.58531,-0.07736999999999927
86,FA2108K,4.5079400000000005,4.57215,-0.06420999999999921
87,FA2108D,4.5079400000000005,4.50836,-0.0004199999999991988
88,FA2108P,4.10182,4.39426,-0.29244000000000003
89,FA2108R,4.5013,4.66386,-0.16256000000000004
90,FA2108G,4.10418,4.14436,-0.04017999999999944
91,FA2108N,4.10418,4.092969999999999,0.011210000000001052
92,FA2108I,4.5079400000000005,4.64216,-0.13421999999999912
93,FA2108L,4.10418,4.11379,-0.009609999999999452
94,FA2108T,4.50558,4.5399400000000005,-0.03436000000000039
95,FA2108V,4.5079400000000005,4.57385,-0.06590999999999969
96,SA2035I,4.5138,11.2505,-6.736700000000001
97,SA2035D,4.52727,8.4853,-3.958030000000001
98,SA2035V,4.5138,4.67401,-0.16021000000000019
99,SA2035Q,4.5359,9.528889999999999,-4.992989999999999
100,SA2035T,4.50875,4.65077,-0.1420199999999996
101,SA2035Y,4.5078,17.9278,-13.420000000000002
102,SA2035C,4.50189,4.53166,-0.029769999999999186
103,SA2035W,4.55106,15.4941,-10.94304
104,SA2035G,4.50875,4.47502,0.03373000000000026
105,SA2035A,4.50875,4.51354,-0.00478999999999985
106,SA2035P,4.5359,4.58131,-0.045410000000000394
107,SA2035E,4.52727,9.03915,-4.51188
108,SA2035M,4.5359,9.40025,-4.86435
109,SA2035H,4.55342,12.4169,-7.86348
110,SA2035R,4.5078,7.655289999999999,-3.1474899999999995
111,SA2035F,4.5078,18.0648,-13.557000000000002
112,SA2035L,4.5138,14.3995,-9.8857
113,SA2035N,4.5138,11.7544,-7.240600000000001
114,SA2035K,4.55342,9.32591,-4.77249
115,EA2032S,4.50675,4.50675,0.0
116,EA2032V,4.50853,4.50853,0.0
117,EA2032F,4.50853,4.50675,0.0017800000000001148
118,EA2032W,4.50853,4.50853,0.0
119,EA2032Y,4.50853,4.50675,0.0017800000000001148
120,EA2032P,4.10511,4.18842,-0.08331
121,EA2032A,4.50675,4.50675,0.0
122,EA2032C,4.50675,4.50675,0.0
123,EA2032M,4.50853,4.50675,0.0017800000000001148
124,EA2032L,4.51539,4.51539,0.0
125,EA2032N,4.50675,4.50675,0.0
126,EA2032G,4.50189,4.50189,0.0
127,EA2032R,4.50875,4.50875,0.0
128,EA2032D,4.51539,4.51539,0.0
129,EA2032H,4.51539,4.51539,0.0
130,EA2032T,4.10511,4.18842,-0.08331
131,EA2032K,4.51539,4.51539,0.0
132,EA2032I,4.51539,4.51539,0.0
133,EA2032Q,4.50875,4.50875,0.0
134,EA2033M,4.51539,4.51539,0.0
135,EA2033H,4.51539,4.51539,0.0
136,EA2033G,4.51539,4.51539,0.0
137,EA2033R,4.51539,4.51539,0.0
138,EA2033N,4.51539,4.51539,0.0
139,EA2033Q,4.51539,4.51539,0.0
140,EA2033K,4.51539,4.51539,0.0
141,EA2033P,4.51539,4.51539,0.0
142,EA2033T,4.51539,4.51539,0.0
143,EA2033A,4.51539,4.51539,0.0
144,EA2033C,4.51539,4.51539,0.0
145,EA2033S,4.51539,4.51539,0.0
146,EA2033V,4.51539,4.51539,0.0
147,EA2033Y,4.51539,4.51539,0.0
148,EA2033D,4.50675,4.50675,0.0
149,EA2033F,4.51539,4.51539,0.0
150,EA2033I,4.51539,4.51539,0.0
151,EA2033L,4.51539,4.51539,0.0
152,EA2033W,4.51539,4.51539,0.0
153,RA2036L,4.50012,4.50012,0.0
154,RA2036Q,4.50815,4.50634,0.0018099999999998673
155,RA2036A,4.50675,4.50675,0.0
156,RA2036D,4.50675,4.50675,0.0
157,RA2036V,4.515,4.50875,0.006249999999999645
158,RA2036N,4.50815,4.50012,0.00802999999999976
159,RA2036M,4.50815,4.50012,0.00802999999999976
160,RA2036K,4.515,4.50875,0.006249999999999645
161,RA2036G,4.50675,4.50171,0.0050400000000001555
162,RA2036S,4.50675,4.50675,0.0
163,RA2036C,4.50815,4.50012,0.00802999999999976
164,RA2036I,4.50815,4.50012,0.00802999999999976
165,RA2036P,4.515,4.50675,0.008249999999999424
166,RA2036Y,4.50675,4.50675,0.0
167,RA2036T,4.50815,4.50012,0.00802999999999976
168,RA2036H,4.50675,4.50675,0.0
169,RA2036E,4.515,4.50875,0.006249999999999645
170,RA2036W,4.50675,4.50675,0.0
171,RA2036F,4.50675,4.50675,0.0
172,EA2052S,4.51539,4.51539,0.0
173,EA2052R,4.51539,4.51539,0.0
174,EA2052D,4.51539,4.51539,0.0
175,EA2052Y,4.51539,4.51539,0.0
176,EA2052L,4.51539,4.51539,0.0
177,EA2052W,4.51539,4.51539,0.0
178,EA2052V,4.51539,4.51539,0.0
179,EA2052T,4.51539,4.51539,0.0
180,EA2052G,4.51539,4.51539,0.0
181,EA2052H,4.51539,4.51539,0.0
182,EA2052A,4.51539,4.51539,0.0
183,EA2052N,4.51539,4.51539,0.0
184,EA2052M,4.51539,4.51539,0.0
185,EA2052K,4.51539,4.51539,0.0
186,EA2052F,4.51539,4.51539,0.0
187,EA2052C,4.51539,4.51539,0.0
188,EA2052P,4.51539,4.51539,0.0
189,EA2052Q,4.51539,4.51539,0.0
190,EA2052I,4.51539,4.51539,0.0
191,FA2070H,4.51539,4.51539,0.0
192,FA2070Q,4.51539,4.51539,0.0
193,FA2070M,4.51539,4.51539,0.0
194,FA2070L,4.51539,4.51539,0.0
195,FA2070S,4.508319999999999,4.508319999999999,0.0
196,FA2070G,4.508319999999999,4.508319999999999,0.0
197,FA2070V,4.508319999999999,4.508319999999999,0.0
198,FA2070P,4.50549,4.50847,-0.0029799999999999827
199,FA2070Y,4.51539,4.51539,0.0
200,FA2070C,4.508319999999999,4.508319999999999,0.0
201,FA2070E,4.50812,4.50874,-0.000620000000000509
202,FA2070W,4.51558,4.51558,0.0
203,FA2070R,4.5086900000000005,4.5086900000000005,0.0
204,FA2070K,4.5086900000000005,4.5086900000000005,0.0
205,FA2070T,4.51539,4.51539,0.0
206,FA2070A,4.508319999999999,4.508319999999999,0.0
207,FA2070N,4.51539,4.51539,0.0
208,FA2070I,4.51539,4.51539,0.0
209,FA2070D,4.51539,4.51539,0.0
210,VA2050K,4.51539,4.51539,0.0
211,VA2050M,4.51539,4.51539,0.0
212,VA2050R,4.51539,4.51539,0.0
213,VA2050P,4.51539,4.51539,0.0
214,VA2050N,4.51539,4.51539,0.0
215,VA2050I,4.51539,4.51539,0.0
216,VA2050E,4.50675,4.50675,0.0
217,VA2050Q,4.51539,4.51539,0.0
218,VA2050A,4.51539,4.51539,0.0
219,VA2050F,4.50675,4.50675,0.0
220,VA2050W,4.50853,4.50853,0.0
221,VA2050H,4.51539,4.51539,0.0
222,VA2050D,4.50675,4.50675,0.0
223,VA2050T,4.51539,4.51539,0.0
224,VA2050L,4.51539,4.51539,0.0
225,VA2050S,4.51539,4.51539,0.0
226,VA2050G,4.51539,4.51539,0.0
227,VA2050C,4.51539,4.51539,0.0
228,VA2050Y,4.50675,4.50675,0.0
229,LA2078D,4.508719999999999,4.49944,0.00927999999999951
230,LA2078A,4.5156,4.5080800000000005,0.007519999999999527
231,LA2078S,4.5156,4.5080800000000005,0.007519999999999527
232,LA2078C,4.5156,4.5080800000000005,0.007519999999999527
233,LA2078P,4.51558,4.5080800000000005,0.007499999999999396
234,LA2078T,4.51558,4.5080800000000005,0.007499999999999396
235,LA2078Y,4.49148,4.4916599999999995,-0.00017999999999940286
236,LA2078H,4.51558,4.51595,-0.0003700000000002035
237,LA2078N,4.5156,4.5080800000000005,0.007519999999999527
238,LA2078W,4.49148,4.53961,-0.04812999999999956
239,LA2078V,4.51558,4.5080800000000005,0.007499999999999396
240,LA2078K,4.49148,4.48896,0.002520000000000522
241,LA2078R,4.53907,4.68487,-0.14580000000000037
242,LA2078G,4.51558,4.5080800000000005,0.007499999999999396
243,LA2078I,4.51558,4.5080800000000005,0.007499999999999396
244,LA2078E,4.508719999999999,4.49944,0.00927999999999951
245,LA2078F,4.49148,4.4916599999999995,-0.00017999999999940286
246,LA2078M,4.51558,4.514869999999999,0.0007100000000006546
247,LA2078Q,4.5156,4.51595,-0.0003500000000000725
248,VA2044W,4.54483,4.54483,0.0
249,VA2044C,4.5153099999999995,4.5153099999999995,0.0
250,VA2044K,4.5153099999999995,4.5384400000000005,-0.023130000000000983
251,VA2044H,4.54483,4.54483,0.0
252,VA2044F,4.5153099999999995,5.01419,-0.49888000000000066
253,VA2044Y,4.5153099999999995,5.01419,-0.49888000000000066
254,VA2044L,4.5153099999999995,4.5384400000000005,-0.023130000000000983
255,VA2044G,4.5153099999999995,4.5384400000000005,-0.023130000000000983
256,VA2044I,4.51539,4.51539,0.0
257,VA2044A,4.5153099999999995,4.5384400000000005,-0.023130000000000983
258,VA2044N,4.5153099999999995,4.5384400000000005,-0.023130000000000983
259,VA2044R,4.5153099999999995,4.5384400000000005,-0.023130000000000983
260,VA2044E,4.51539,4.51539,0.0
261,VA2044T,4.5153099999999995,4.5384400000000005,-0.023130000000000983
262,VA2044D,4.5153099999999995,4.5384400000000005,-0.023130000000000983
263,VA2044P,4.5153099999999995,4.5384400000000005,-0.023130000000000983
264,VA2044M,4.51539,4.51539,0.0
265,VA2044Q,4.51539,4.51539,0.0
266,VA2044S,4.5153099999999995,4.5384400000000005,-0.023130000000000983
267,GA2046M,4.51539,4.51539,0.0
268,GA2046N,4.51539,4.51539,0.0
269,GA2046H,4.51539,4.51539,0.0
270,GA2046W,4.51539,4.51539,0.0
271,GA2046R,4.51539,4.51539,0.0
272,GA2046Q,4.51539,4.51539,0.0
273,GA2046V,4.51539,4.51539,0.0
274,GA2046S,4.51539,4.51539,0.0
275,GA2046A,4.51539,4.51539,0.0
276,GA2046D,4.51539,4.51539,0.0
277,GA2046P,4.51539,4.51539,0.0
278,GA2046I,4.51539,4.51539,0.0
279,GA2046L,4.51539,4.51539,0.0
280,GA2046F,4.51539,4.51539,0.0
281,GA2046T,4.51539,4.51539,0.0
282,GA2046K,4.51539,4.51539,0.0
283,GA2046Y,4.51539,4.51539,0.0
284,GA2046C,4.51539,4.51539,0.0
285,GA2046E,4.51539,4.51539,0.0
286,NA2093A,4.51539,4.51539,0.0
287,NA2093E,4.51539,4.51539,0.0
288,NA2093F,4.51539,4.51539,0.0
289,NA2093Q,4.51539,4.51539,0.0
290,NA2093I,4.51539,4.51539,0.0
291,NA2093K,4.51539,4.51539,0.0
292,NA2093D,4.51539,4.51539,0.0
293,NA2093C,4.51539,4.51539,0.0
294,NA2093G,4.51539,4.51539,0.0
295,NA2093Y,4.51539,4.51539,0.0
296,NA2093S,4.51539,4.51539,0.0
297,NA2093H,4.51539,4.51539,0.0
298,NA2093L,4.51539,4.51539,0.0
299,NA2093R,4.51539,4.51539,0.0
300,NA2093V,4.51539,4.51539,0.0
301,NA2093M,4.51539,4.51539,0.0
302,NA2093W,4.51539,4.51539,0.0
303,NA2093T,4.51539,4.51539,0.0
304,NA2093P,4.51539,4.51539,0.0
305,WA2023L,4.51539,4.51539,0.0
306,WA2023P,4.51539,4.51539,0.0
307,WA2023K,4.51539,4.51539,0.0
308,WA2023F,4.51539,4.51539,0.0
309,WA2023R,4.51539,4.51539,0.0
310,WA2023M,4.51539,4.51539,0.0
311,WA2023I,4.51539,4.51539,0.0
312,WA2023N,4.51539,4.51539,0.0
313,WA2023Q,4.51539,4.51539,0.0
314,WA2023V,4.51539,4.51539,0.0
315,WA2023H,4.51539,4.51539,0.0
316,WA2023G,4.51539,4.51539,0.0
317,WA2023Y,4.51539,4.51539,0.0
318,WA2023A,4.51539,4.51539,0.0
319,WA2023C,4.51539,4.51539,0.0
320,WA2023D,4.51539,4.51539,0.0
321,WA2023T,4.51539,4.51539,0.0
322,WA2023E,4.51539,4.51539,0.0
323,WA2023S,4.51539,4.51539,0.0
324,LA2054C,4.51539,4.51539,0.0
325,LA2054I,4.51539,4.51539,0.0
326,LA2054N,4.51539,4.51539,0.0
327,LA2054H,4.51539,4.51539,0.0
328,LA2054Q,4.51539,4.51539,0.0
329,LA2054A,4.51539,4.51539,0.0
330,LA2054P,4.51539,4.51539,0.0
331,LA2054G,4.51539,4.51539,0.0
332,LA2054R,4.51539,4.51539,0.0
333,LA2054W,4.51539,4.51539,0.0
334,LA2054S,4.51539,4.51539,0.0
335,LA2054V,4.51539,4.51539,0.0
336,LA2054M,4.51539,4.51539,0.0
337,LA2054T,4.51539,4.51539,0.0
338,LA2054K,4.51539,4.51539,0.0
339,LA2054D,4.50853,4.50675,0.0017800000000001148
340,LA2054Y,4.51539,4.51539,0.0
341,LA2054F,4.51539,4.51539,0.0
342,LA2054E,4.50853,4.50853,0.0
343,QA2082A,4.51539,4.51539,0.0
344,QA2082E,4.51539,4.51539,0.0
345,QA2082R,4.51539,4.51539,0.0
346,QA2082G,4.51539,4.51539,0.0
347,QA2082N,4.51539,4.51539,0.0
348,QA2082V,4.51539,4.51539,0.0
349,QA2082S,4.51539,4.51539,0.0
350,QA2082W,4.51539,4.51539,0.0
351,QA2082D,4.51539,4.51539,0.0
352,QA2082P,4.51539,4.51539,0.0
353,QA2082H,4.51539,4.51539,0.0
354,QA2082C,4.51539,4.51539,0.0
355,QA2082T,4.51539,4.51539,0.0
356,QA2082I,4.51539,4.51539,0.0
357,QA2082K,4.51539,4.51539,0.0
358,QA2082Y,4.51539,4.51539,0.0
359,QA2082F,4.51539,4.51539,0.0
360,QA2082L,4.51539,4.51539,0.0
361,QA2082M,4.51539,4.51539,0.0
362,AA2081G,4.51539,4.52355,-0.008160000000000167
363,AA2081P,4.5224,4.53057,-0.008169999999999789
364,AA2081T,4.5224,4.52265,-0.00024999999999941735
365,AA2081E,4.51555,4.54643,-0.030879999999999797
366,AA2081K,4.500290000000001,4.5895,-0.08920999999999957
367,AA2081N,4.5224,4.51888,0.0035199999999999676
368,AA2081M,4.500290000000001,4.633380000000001,-0.13309000000000015
369,AA2081Y,4.500290000000001,4.53345,-0.033159999999999634
370,AA2081C,4.5224,4.5296,-0.007200000000000095
371,AA2081W,4.50301,4.6071800000000005,-0.10417000000000076
372,AA2081D,4.51555,4.49405,0.02150000000000052
373,AA2081S,4.51539,4.539630000000001,-0.024240000000000705
374,AA2081Q,4.4983,4.55691,-0.05860999999999983
375,AA2081L,4.5224,4.57526,-0.05285999999999991
376,AA2081F,4.500290000000001,4.54453,-0.04423999999999939
377,AA2081H,4.52439,4.51626,0.008130000000000415
378,AA2081V,4.5224,4.52535,-0.00295000000000023
379,AA2081R,4.52712,4.61943,-0.09231000000000034
380,AA2081I,4.5224,4.5993,-0.07690000000000019
381,LA2051H,4.51539,4.54304,-0.027650000000000396
382,LA2051I,4.51539,4.51539,0.0
383,LA2051T,4.51539,4.51539,0.0
384,LA2051V,4.51539,4.51539,0.0
385,LA2051K,4.51539,4.57085,-0.055460000000000065
386,LA2051F,4.5126599999999994,4.81115,-0.29849000000000014
387,LA2051Q,4.51539,4.529780000000001,-0.014390000000000569
388,LA2051G,4.51539,4.51539,0.0
389,LA2051A,4.51539,4.51539,0.0
390,LA2051E,4.51539,4.51539,0.0
391,LA2051M,4.51539,4.51539,0.0
392,LA2051R,4.51539,4.5237099999999995,-0.008319999999999439
393,LA2051W,4.54472,4.83312,-0.2884000000000002
394,LA2051S,4.51539,4.51539,0.0
395,LA2051N,4.51539,4.51539,0.0
396,LA2051D,4.51539,4.51539,0.0
397,LA2051Y,4.5126599999999994,4.63061,-0.11795000000000044
398,LA2051C,4.51539,4.51539,0.0
399,LA2051P,4.51539,4.51539,0.0
400,YA2074F,4.51539,4.51539,0.0
401,YA2074R,4.50853,4.50853,0.0
402,YA2074E,4.51539,4.51539,0.0
403,YA2074A,4.51539,4.51539,0.0
404,YA2074M,4.51539,4.51539,0.0
405,YA2074Q,4.51539,4.51539,0.0
406,YA2074I,4.49149,4.49149,0.0
407,YA2074C,4.51539,4.51539,0.0
408,YA2074D,4.50853,4.50675,0.0017800000000001148
409,YA2074G,4.51539,4.51539,0.0
410,YA2074T,4.51539,4.51539,0.0
411,YA2074K,4.50853,4.50853,0.0
412,YA2074L,4.51539,4.51539,0.0
413,YA2074H,4.51539,4.51539,0.0
414,YA2074W,4.50853,4.50675,0.0017800000000001148
415,YA2074P,4.51539,4.51539,0.0
416,YA2074S,4.51539,4.51539,0.0
417,YA2074N,4.51539,4.51539,0.0
418,YA2074V,4.51539,4.51539,0.0
419,DA2077I,4.51051,4.50659,0.0039199999999999235
420,DA2077F,4.50853,4.50675,0.0017800000000001148
421,DA2077R,4.50853,4.50675,0.0017800000000001148
422,DA2077E,4.51539,4.51539,0.0
423,DA2077V,4.51051,4.50667,0.0038400000000002876
424,DA2077A,4.50853,4.50675,0.0017800000000001148
425,DA2077Y,4.50853,4.50675,0.0017800000000001148
426,DA2077H,4.50853,4.50675,0.0017800000000001148
427,DA2077M,4.50853,4.50675,0.0017800000000001148
428,DA2077S,4.50853,4.50675,0.0017800000000001148
429,DA2077T,4.50853,4.50675,0.0017800000000001148
430,DA2077G,4.50853,4.50853,0.0
431,DA2077C,4.50853,4.50675,0.0017800000000001148
432,DA2077P,4.50853,4.50675,0.0017800000000001148
433,DA2077K,4.50853,4.50675,0.0017800000000001148
434,DA2077W,4.50853,4.50675,0.0017800000000001148
435,DA2077N,4.50853,4.50853,0.0
436,DA2077L,4.50853,4.50675,0.0017800000000001148
437,DA2077Q,4.50853,4.50675,0.0017800000000001148
438,KA2087C,4.51539,4.51539,0.0
439,KA2087L,4.51539,4.51539,0.0
440,KA2087H,4.51539,4.51539,0.0
441,KA2087F,4.51539,4.51539,0.0
442,KA2087A,4.51539,4.51539,0.0
443,KA2087Y,4.51539,4.51539,0.0
444,KA2087M,4.51539,4.51539,0.0
445,KA2087N,4.51539,4.51539,0.0
446,KA2087P,4.51539,4.51539,0.0
447,KA2087Q,4.51539,4.51539,0.0
448,KA2087D,4.51539,4.51539,0.0
449,KA2087G,4.51539,4.51539,0.0
450,KA2087E,4.51539,4.51539,0.0
451,KA2087V,4.51539,4.51539,0.0
452,KA2087W,4.51539,4.51539,0.0
453,KA2087T,4.51539,4.51539,0.0
454,KA2087R,4.51539,4.51539,0.0
455,KA2087S,4.51539,4.51539,0.0
456,KA2087I,4.51539,4.51539,0.0
457,TA2098G,4.51537,4.49487,0.020500000000000185
458,TA2098C,4.5153099999999995,4.48268,0.03262999999999927
459,TA2098V,4.51537,4.51276,0.002609999999999779
460,TA2098N,4.5153099999999995,5.30371,-0.7884000000000002
461,TA2098A,4.51537,4.50049,0.014879999999999782
462,TA2098S,4.51537,4.48268,0.032689999999999664
463,TA2098P,4.51584,4.43659,0.07925000000000004
464,TA2098Y,4.5153099999999995,4.89527,-0.3799600000000005
465,TA2098F,4.5153099999999995,4.25186,0.26344999999999974
466,TA2098W,4.5153099999999995,5.34092,-0.8256100000000002
467,TA2098M,4.5153099999999995,4.63293,-0.1176200000000005
468,TA2098K,4.5153099999999995,4.4589099999999995,0.056400000000000006
469,TA2098Q,4.5153099999999995,4.45885,0.05645999999999951
470,TA2098D,4.5153099999999995,5.61849,-1.103180000000001
471,TA2098R,4.5153099999999995,4.85631,-0.3410000000000002
472,TA2098L,4.5153099999999995,4.60139,-0.08608000000000082
473,TA2098I,4.5153099999999995,4.82735,-0.31204000000000054
474,TA2098H,4.5153099999999995,5.41994,-0.9046300000000009
475,TA2098E,4.5153099999999995,4.50408,0.011229999999999407
476,WA2084A,4.51539,4.51539,0.0
477,WA2084M,4.51539,4.51539,0.0
478,WA2084F,4.51539,4.51539,0.0
479,WA2084G,4.51539,4.51539,0.0
480,WA2084Y,4.51539,4.51539,0.0
481,WA2084T,4.51539,4.5195099999999995,-0.004119999999999457
482,WA2084C,4.51539,4.51539,0.0
483,WA2084Q,4.51539,4.51539,0.0
484,WA2084V,4.51539,4.52165,-0.006260000000000154
485,WA2084R,4.51539,4.51539,0.0
486,WA2084E,4.51539,4.51539,0.0
487,WA2084D,4.51539,4.51539,0.0
488,WA2084I,4.51539,4.51539,0.0
489,WA2084P,4.51539,4.51539,0.0
490,WA2084K,4.51539,4.51539,0.0
491,WA2084N,4.51539,4.51539,0.0
492,WA2084L,4.51539,4.51539,0.0
493,WA2084H,4.51539,4.51539,0.0
494,WA2084S,4.51539,4.51539,0.0
495,YA2038P,4.51122,4.848990000000001,-0.3377700000000008
496,YA2038I,4.53846,4.64145,-0.10299000000000014
497,YA2038F,4.5153099999999995,4.52977,-0.014460000000000583
498,YA2038D,4.51122,4.49787,0.013349999999999973
499,YA2038E,4.51122,4.47421,0.03700999999999954
500,YA2038L,4.51947,4.58039,-0.06092000000000031
501,YA2038N,4.51122,4.43764,0.07357999999999976
502,YA2038A,4.51122,4.60312,-0.09189999999999987
503,YA2038W,4.518759999999999,4.508859999999999,0.00990000000000002
504,YA2038S,4.51122,4.59293,-0.08171000000000017
505,YA2038T,4.51947,4.586869999999999,-0.06739999999999924
506,YA2038C,4.51122,4.56433,-0.05311000000000021
507,YA2038M,4.5153099999999995,4.55082,-0.035510000000000375
508,YA2038H,4.5153099999999995,4.562930000000001,-0.047620000000001106
509,YA2038G,4.51122,4.63616,-0.1249400000000005
510,YA2038K,4.5153099999999995,4.54347,-0.02816000000000063
511,YA2038R,4.5153099999999995,4.5517900000000004,-0.036480000000000956
512,YA2038Q,4.5153099999999995,4.56122,-0.04591000000000012
513,YA2038V,4.53846,4.65541,-0.11695000000000011
514,GA2092E,4.51539,4.51539,0.0
515,GA2092M,4.51539,4.51539,0.0
516,GA2092W,4.51539,4.51539,0.0
517,GA2092H,4.51539,4.51539,0.0
518,GA2092N,4.51539,4.51539,0.0
519,GA2092P,4.51539,4.51539,0.0
520,GA2092Q,4.51539,4.51539,0.0
521,GA2092T,4.51539,4.51539,0.0
522,GA2092Y,4.51539,4.51539,0.0
523,GA2092V,4.51539,4.51539,0.0
524,GA2092C,4.51539,4.51539,0.0
525,GA2092L,4.51539,4.51539,0.0
526,GA2092S,4.51539,4.51539,0.0
527,GA2092R,4.51539,4.51539,0.0
528,GA2092K,4.51539,4.51539,0.0
529,GA2092A,4.51539,4.51539,0.0
530,GA2092F,4.51539,4.51539,0.0
531,GA2092D,4.51539,4.51539,0.0
532,GA2092I,4.51539,4.51539,0.0
533,LA2031H,4.5130300000000005,4.82615,-0.3131199999999996
534,LA2031P,4.50439,4.57178,-0.0673900000000005
535,LA2031I,4.5130300000000005,4.54171,-0.028679999999999595
536,LA2031R,4.49153,4.504,-0.012469999999999537
537,LA2031A,4.50439,4.57765,-0.07326000000000032
538,LA2031Q,4.5130300000000005,4.54281,-0.029779999999999696
539,LA2031N,4.50439,4.49748,0.006909999999999528
540,LA2031D,4.50439,4.50931,-0.0049200000000002575
541,LA2031E,4.50439,4.53969,-0.03530000000000033
542,LA2031V,4.5130300000000005,4.5323199999999995,-0.01928999999999892
543,LA2031K,4.5130300000000005,4.58038,-0.06734999999999935
544,LA2031F,4.4830000000000005,4.5166900000000005,-0.03369
545,LA2031G,4.50439,4.60498,-0.1005900000000004
546,LA2031C,4.50439,4.5378099999999995,-0.03341999999999956
547,LA2031S,4.50439,4.57279,-0.06840000000000046
548,LA2031W,4.5130300000000005,5.2332,-0.7201699999999995
549,LA2031T,4.50439,4.52332,-0.018930000000000113
550,LA2031M,4.50439,4.52924,-0.024849999999999817
551,LA2031Y,4.4830000000000005,4.500030000000001,-0.0170300000000001
552,WA2101H,4.51013,4.7208,-0.21066999999999947
553,WA2101S,4.50131,3.94709,0.5542199999999999
554,WA2101P,4.50131,3.94582,0.5554900000000003
555,WA2101C,4.50131,3.9095800000000005,0.5917299999999996
556,WA2101T,4.50131,3.9025800000000004,0.5987299999999998
557,WA2101N,4.50131,4.91252,-0.41120999999999963
558,WA2101D,4.50131,4.92788,-0.4265699999999999
559,WA2101Y,4.51013,4.85915,-0.34901999999999944
560,WA2101M,4.51013,4.73607,-0.22593999999999959
561,WA2101I,4.50131,6.8439,-2.3425899999999995
562,WA2101K,4.50131,4.8681,-0.36678999999999995
563,WA2101E,4.50131,4.7358,-0.2344900000000001
564,WA2101A,4.50131,3.9520699999999995,0.5492400000000006
565,WA2101F,4.51013,4.72129,-0.21115999999999957
566,WA2101V,4.50131,3.88531,0.6160000000000001
567,WA2101G,4.50131,3.9937099999999996,0.5076000000000005
568,WA2101R,4.50131,4.69001,-0.18869999999999987
569,WA2101L,4.51013,4.6703,-0.16016999999999992
570,WA2101Q,4.50131,4.971080000000001,-0.46977000000000046
571,EA2049Y,4.51539,4.51539,0.0
572,EA2049M,4.51539,4.51539,0.0
573,EA2049W,4.51539,4.51539,0.0
574,EA2049R,4.51539,4.51539,0.0
575,EA2049G,4.51539,4.51539,0.0
576,EA2049L,4.51539,4.51539,0.0
577,EA2049N,4.51539,4.51539,0.0
578,EA2049Q,4.51539,4.51539,0.0
579,EA2049C,4.51539,4.51539,0.0
580,EA2049F,4.51539,4.51539,0.0
581,EA2049P,4.51539,4.51539,0.0
582,EA2049S,4.51539,4.51539,0.0
583,EA2049D,4.51539,4.51539,0.0
584,EA2049A,4.51539,4.51539,0.0
585,EA2049K,4.51539,4.51539,0.0
586,EA2049T,4.51539,4.51539,0.0
587,EA2049V,4.51539,4.51539,0.0
588,EA2049H,4.51539,4.51539,0.0
589,EA2049I,4.51539,4.51539,0.0
590,MA2058Q,4.51539,4.51539,0.0
591,MA2058S,4.51539,4.51539,0.0
592,MA2058E,4.50675,4.50675,0.0
593,MA2058I,4.51539,4.51539,0.0
594,MA2058Y,4.53904,4.63052,-0.09147999999999978
595,MA2058G,4.51539,4.51539,0.0
596,MA2058P,4.51539,4.51539,0.0
597,MA2058A,4.51539,4.51539,0.0
598,MA2058W,4.51539,4.51539,0.0
599,MA2058V,4.51539,4.51539,0.0
600,MA2058L,4.51539,4.51539,0.0
601,MA2058F,4.51539,4.51539,0.0
602,MA2058K,4.50675,4.50675,0.0
603,MA2058R,4.51539,4.51539,0.0
604,MA2058H,4.51539,4.51539,0.0
605,MA2058C,4.51539,4.51539,0.0
606,MA2058N,4.51539,4.51539,0.0
607,MA2058D,4.50675,4.50675,0.0
608,MA2058T,4.51539,4.51539,0.0
609,EA2029Y,4.51539,4.51539,0.0
610,EA2029W,4.51539,4.51539,0.0
611,EA2029D,4.50675,4.50675,0.0
612,EA2029G,4.51539,4.51539,0.0
613,EA2029F,4.51539,4.51539,0.0
614,EA2029V,4.51539,4.51539,0.0
615,EA2029I,4.51539,4.51539,0.0
616,EA2029L,4.50675,4.50675,0.0
617,EA2029M,4.51539,4.51539,0.0
618,EA2029K,4.50675,4.50675,0.0
619,EA2029Q,4.50675,4.50675,0.0
620,EA2029S,4.51539,4.51539,0.0
621,EA2029C,4.51539,4.51539,0.0
622,EA2029R,4.50675,4.50675,0.0
623,EA2029T,4.51539,4.51539,0.0
624,EA2029P,4.51497,4.51497,0.0
625,EA2029A,4.51539,4.51539,0.0
626,EA2029H,4.51539,4.51539,0.0
627,EA2029N,4.51539,4.51539,0.0
628,SA2091H,4.51539,4.51539,0.0
629,SA2091K,4.51539,4.51539,0.0
630,SA2091R,4.51539,4.51539,0.0
631,SA2091W,4.51539,4.51539,0.0
632,SA2091I,4.51539,4.51539,0.0
633,SA2091L,4.51539,4.51539,0.0
634,SA2091T,4.51539,4.51539,0.0
635,SA2091C,4.51539,4.51539,0.0
636,SA2091E,4.51539,4.51539,0.0
637,SA2091P,4.51539,4.51539,0.0
638,SA2091Q,4.51539,4.51539,0.0
639,SA2091N,4.51539,4.51539,0.0
640,SA2091M,4.51539,4.51539,0.0
641,SA2091F,4.51539,4.51539,0.0
642,SA2091D,4.51539,4.51539,0.0
643,SA2091V,4.51539,4.51539,0.0
644,SA2091Y,4.51539,4.51539,0.0
645,SA2091G,4.51539,4.51539,0.0
646,SA2091A,4.51539,4.51539,0.0
647,HA2024R,4.51539,4.51539,0.0
648,HA2024P,4.51539,4.51539,0.0
649,HA2024Q,4.51539,4.51539,0.0
650,HA2024Y,4.51539,4.51539,0.0
651,HA2024C,4.51539,4.51539,0.0
652,HA2024L,4.51539,4.51539,0.0
653,HA2024K,4.51539,4.51539,0.0
654,HA2024S,4.51539,4.51539,0.0
655,HA2024D,4.51539,4.51539,0.0
656,HA2024G,4.51539,4.51539,0.0
657,HA2024W,4.51539,4.51539,0.0
658,HA2024F,4.51539,4.51539,0.0
659,HA2024A,4.51539,4.51539,0.0
660,HA2024E,4.51539,4.51539,0.0
661,HA2024I,4.51539,4.51539,0.0
662,HA2024M,4.51539,4.51539,0.0
663,HA2024V,4.51539,4.51539,0.0
664,HA2024T,4.51539,4.51539,0.0
665,HA2024N,4.51539,4.51539,0.0
666,MA2089W,4.51539,4.51539,0.0
667,MA2089Q,4.51539,4.51539,0.0
668,MA2089I,4.5153099999999995,4.5153099999999995,0.0
669,MA2089L,4.5153099999999995,4.5153099999999995,0.0
670,MA2089N,4.5153099999999995,4.5153099999999995,0.0
671,MA2089P,4.5153099999999995,4.5153099999999995,0.0
672,MA2089K,4.5153099999999995,4.5153099999999995,0.0
673,MA2089V,4.5153099999999995,4.5153099999999995,0.0
674,MA2089G,4.5153099999999995,4.5314,-0.01609000000000016
675,MA2089H,4.5153099999999995,4.5314,-0.01609000000000016
676,MA2089Y,4.5153099999999995,4.5314,-0.01609000000000016
677,MA2089S,4.5153099999999995,4.5314,-0.01609000000000016
678,MA2089F,4.5153099999999995,4.5314,-0.01609000000000016
679,MA2089D,4.5153099999999995,4.5153099999999995,0.0
680,MA2089C,4.5153099999999995,4.5153099999999995,0.0
681,MA2089A,4.5153099999999995,4.5153099999999995,0.0
682,MA2089E,4.5153099999999995,4.5153099999999995,0.0
683,MA2089T,4.5153099999999995,4.5153099999999995,0.0
684,MA2089R,4.5153099999999995,4.5314,-0.01609000000000016
685,MA2057G,4.51539,4.51539,0.0
686,MA2057D,4.51539,4.51539,0.0
687,MA2057H,4.51539,4.51539,0.0
688,MA2057N,4.51539,4.51539,0.0
689,MA2057V,4.51539,4.51539,0.0
690,MA2057Y,4.51539,4.51539,0.0
691,MA2057T,4.51539,4.51539,0.0
692,MA2057W,4.51539,4.51539,0.0
693,MA2057Q,4.51539,4.51539,0.0
694,MA2057C,4.51539,4.51539,0.0
695,MA2057I,4.51539,4.51539,0.0
696,MA2057P,4.51539,4.51539,0.0
697,MA2057S,4.51539,4.51539,0.0
698,MA2057L,4.51539,4.51539,0.0
699,MA2057F,4.51539,4.51539,0.0
700,MA2057K,4.50853,4.50853,0.0
701,MA2057E,4.51539,4.51539,0.0
702,MA2057R,4.50853,4.50853,0.0
703,MA2057A,4.51539,4.51539,0.0
704,RA2110W,4.14783,4.14783,0.0
705,RA2110A,4.51539,4.51539,0.0
706,RA2110I,4.51539,4.51539,0.0
707,RA2110M,4.51539,4.52159,-0.006199999999999761
708,RA2110Y,4.51737,4.51737,0.0
709,RA2110D,4.51539,4.51539,0.0
710,RA2110S,4.51737,4.51737,0.0
711,RA2110N,4.51737,4.52126,-0.003890000000000171
712,RA2110E,4.51539,4.51539,0.0
713,RA2110V,4.51539,4.52159,-0.006199999999999761
714,RA2110H,4.51539,4.51539,0.0
715,RA2110L,4.51539,4.51539,0.0
716,RA2110Q,4.51539,4.51539,0.0
717,RA2110G,4.12559,4.12559,0.0
718,RA2110F,4.51539,4.51539,0.0
719,RA2110C,4.51737,4.51737,0.0
720,RA2110K,4.51539,4.51539,0.0
721,RA2110T,4.51539,4.51539,0.0
722,RA2110P,4.14783,4.17013,-0.02230000000000043
723,HA2106I,4.51582,4.51179,0.004029999999999312
724,HA2106K,4.51737,4.5158,0.0015700000000000713
725,HA2106A,4.1647099999999995,4.18677,-0.022060000000000635
726,HA2106S,4.51737,4.51466,0.002709999999999546
727,HA2106M,4.51737,4.5158,0.0015700000000000713
728,HA2106L,4.51737,4.51957,-0.002200000000000202
729,HA2106C,4.51737,4.51778,-0.00041000000000046555
730,HA2106F,4.51737,4.51976,-0.0023900000000001143
731,HA2106Y,4.51737,4.51969,-0.0023200000000000998
732,HA2106P,4.1619,4.5433699999999995,-0.3814699999999993
733,HA2106Q,4.51737,4.51581,0.0015599999999995617
734,HA2106E,4.1647099999999995,4.12982,0.034889999999999866
735,HA2106D,4.1647099999999995,4.12552,0.039189999999999614
736,HA2106V,4.1647099999999995,4.21248,-0.047770000000000756
737,HA2106R,4.51737,4.5158,0.0015700000000000713
738,HA2106T,4.51737,4.51302,0.004349999999999632
739,HA2106W,4.51737,4.51354,0.003829999999999778
740,HA2106G,4.51737,4.49263,0.02473999999999954
741,HA2106N,4.51737,4.51703,0.0003399999999995629
742,IA2111T,4.50675,4.50675,0.0
743,IA2111Q,4.50675,4.50853,-0.0017800000000001148
744,IA2111H,4.50675,4.50718,-0.0004299999999997084
745,IA2111D,4.50675,4.50675,0.0
746,IA2111E,4.50675,4.50853,-0.0017800000000001148
747,IA2111G,4.50675,4.50853,-0.0017800000000001148
748,IA2111A,4.50675,4.50675,0.0
749,IA2111K,4.50675,4.50675,0.0
750,IA2111P,4.50675,4.50853,-0.0017800000000001148
751,IA2111F,4.50675,4.57477,-0.06801999999999975
752,IA2111S,4.50675,4.50853,-0.0017800000000001148
753,IA2111L,4.5079400000000005,4.5079400000000005,0.0
754,IA2111N,4.50675,4.50853,-0.0017800000000001148
755,IA2111M,4.50675,4.50675,0.0
756,IA2111W,4.5079400000000005,4.5079400000000005,0.0
757,IA2111R,4.50675,4.50853,-0.0017800000000001148
758,IA2111C,4.50675,4.50675,0.0
759,IA2111V,4.51539,4.51539,0.0
760,IA2111Y,4.50675,4.50675,0.0
761,RA2086K,4.51539,4.51539,0.0
762,RA2086P,4.51539,4.51539,0.0
763,RA2086G,4.51539,4.51539,0.0
764,RA2086Q,4.51539,4.51539,0.0
765,RA2086Y,4.51539,4.51539,0.0
766,RA2086T,4.51539,4.51539,0.0
767,RA2086A,4.51539,4.51539,0.0
768,RA2086M,4.51539,4.51539,0.0
769,RA2086E,4.51539,4.51539,0.0
770,RA2086I,4.51539,4.51539,0.0
771,RA2086L,4.51539,4.51539,0.0
772,RA2086N,4.51539,4.51539,0.0
773,RA2086V,4.51539,4.51539,0.0
774,RA2086D,4.51539,4.51539,0.0
775,RA2086C,4.51539,4.51539,0.0
776,RA2086S,4.51539,4.51539,0.0
777,RA2086H,4.51539,4.51539,0.0
778,RA2086F,4.51539,4.51539,0.0
779,RA2086W,4.51539,4.51539,0.0
780,LA2103V,4.53188,4.5461599999999995,-0.014279999999999404
781,LA2103R,4.5269699999999995,4.53003,-0.0030600000000005068
782,LA2103I,4.52492,4.53863,-0.013710000000000555
783,LA2103H,4.52492,4.51539,0.009529999999999816
784,LA2103N,4.5224,4.51539,0.007010000000000183
785,LA2103M,4.52492,4.51539,0.009529999999999816
786,LA2103C,4.53188,4.54477,-0.012889999999999624
787,LA2103Q,4.52498,4.5283,-0.0033199999999995455
788,LA2103S,4.52313,4.50354,0.019589999999999996
789,LA2103F,4.52492,4.51539,0.009529999999999816
790,LA2103Y,4.5224,4.51539,0.007010000000000183
791,LA2103A,4.525119999999999,4.5053,0.019819999999999283
792,LA2103D,4.52541,4.51724,0.008169999999999789
793,LA2103W,4.52498,4.51539,0.00959000000000021
794,LA2103E,4.52498,4.53375,-0.008770000000000167
795,LA2103K,4.52492,4.53329,-0.00837000000000021
796,LA2103G,4.525119999999999,4.52236,0.0027599999999994296
797,LA2103T,4.525119999999999,4.54306,-0.01794000000000029
798,LA2103P,4.525119999999999,4.50066,0.024459999999999482
799,LA2097T,4.51307,4.46929,0.04377999999999993
800,LA2097E,4.51591,4.46994,0.04596999999999962
801,LA2097A,4.51307,4.48054,0.032529999999999504
802,LA2097W,4.48696,4.53573,-0.0487700000000002
803,LA2097F,4.49906,5.10534,-0.6062799999999999
804,LA2097Y,4.48695,6.15526,-1.66831
805,LA2097V,4.51506,4.53031,-0.015249999999999986
806,LA2097R,4.51506,4.55771,-0.04265000000000008
807,LA2097G,4.51307,4.47288,0.04018999999999995
808,LA2097C,4.51307,4.46929,0.04377999999999993
809,LA2097Q,4.51307,4.51848,-0.005410000000000359
810,LA2097N,4.51307,4.49264,0.02043000000000017
811,LA2097S,4.51307,4.46929,0.04377999999999993
812,LA2097P,4.51506,4.48054,0.03451999999999966
813,LA2097D,4.51585,4.45518,0.06067
814,LA2097M,4.51307,4.60658,-0.0935100000000002
815,LA2097I,4.51578,4.50148,0.014300000000000423
816,LA2097K,4.51506,4.48399,0.03106999999999971
817,LA2097H,4.51313,4.66015,-0.14701999999999948
818,EA2041L,4.51539,4.51539,0.0
819,EA2041A,4.51539,4.51539,0.0
820,EA2041Y,4.51539,4.51539,0.0
821,EA2041I,4.51539,4.51539,0.0
822,EA2041K,4.51539,4.51539,0.0
823,EA2041D,4.51539,4.51539,0.0
824,EA2041Q,4.51539,4.51539,0.0
825,EA2041S,4.51539,4.51539,0.0
826,EA2041F,4.51539,4.51539,0.0
827,EA2041V,4.51539,4.51539,0.0
828,EA2041N,4.51539,4.51539,0.0
829,EA2041T,4.51539,4.51539,0.0
830,EA2041P,4.51539,4.51539,0.0
831,EA2041H,4.51539,4.51539,0.0
832,EA2041M,4.51539,4.51539,0.0
833,EA2041G,4.51539,4.51539,0.0
834,EA2041C,4.51539,4.51539,0.0
835,EA2041W,4.51539,4.51539,0.0
836,EA2041R,4.51539,4.51539,0.0
837,MA2079H,4.51539,4.51539,0.0
838,MA2079E,4.51539,4.51539,0.0
839,MA2079T,4.51539,4.51539,0.0
840,MA2079D,4.51539,4.51539,0.0
841,MA2079P,4.51539,4.51539,0.0
842,MA2079S,4.51539,4.51539,0.0
843,MA2079I,4.51539,4.51539,0.0
844,MA2079K,4.51539,4.51539,0.0
845,MA2079G,4.51539,4.51539,0.0
846,MA2079V,4.51539,4.51539,0.0
847,MA2079Y,4.51539,4.51539,0.0
848,MA2079C,4.51539,4.51539,0.0
849,MA2079F,4.51539,4.51539,0.0
850,MA2079Q,4.51539,4.51539,0.0
851,MA2079L,4.51539,4.51539,0.0
852,MA2079R,4.51539,4.51539,0.0
853,MA2079A,4.51539,4.51539,0.0
854,MA2079N,4.51539,4.51539,0.0
855,MA2079W,4.51539,4.51539,0.0
856,YA2104I,4.5130300000000005,4.57547,-0.06243999999999961
857,YA2104Q,4.51539,4.64202,-0.12662999999999958
858,YA2104G,4.51539,4.4839199999999995,0.03147000000000055
859,YA2104S,4.51539,4.51427,0.001120000000000232
860,YA2104D,4.50853,4.47203,0.0365000000000002
861,YA2104E,4.50853,4.54478,-0.03624999999999989
862,YA2104R,4.51539,4.6983,-0.18290999999999968
863,YA2104A,4.51539,4.5508,-0.03540999999999972
864,YA2104M,4.54151,4.75845,-0.21694000000000013
865,YA2104P,4.51539,4.62975,-0.11435999999999957
866,YA2104K,4.54151,4.69568,-0.15417000000000058
867,YA2104C,4.51539,4.4749,0.04049000000000014
868,YA2104V,4.51539,4.54089,-0.025500000000000078
869,YA2104F,4.51539,4.5291,-0.013709999999999667
870,YA2104W,4.51539,4.71034,-0.1949500000000004
871,YA2104L,4.51539,4.54537,-0.029980000000000118
872,YA2104T,4.54472,4.6569400000000005,-0.11222000000000065
873,YA2104H,4.51539,4.4668,0.04858999999999991
874,YA2104N,4.51539,4.53435,-0.018959999999999866
875,HA2028S,4.1286,4.10083,0.027769999999999406
876,HA2028E,4.50675,4.50675,0.0
877,HA2028A,4.1286,4.10083,0.027769999999999406
878,HA2028T,4.51965,4.51685,0.00280000000000058
879,HA2028K,4.50675,4.52044,-0.013689999999999536
880,HA2028V,4.51965,4.52044,-0.0007899999999994023
881,HA2028M,4.50675,4.50675,0.0
882,HA2028F,4.50675,4.50675,0.0
883,HA2028N,4.50675,4.50675,0.0
884,HA2028R,4.50675,4.520580000000001,-0.013830000000000453
885,HA2028G,4.10229,4.10083,0.0014599999999997948
886,HA2028W,4.50675,4.50675,0.0
887,HA2028I,4.1286,4.45407,-0.32547000000000015
888,HA2028Y,4.50675,4.50675,0.0
889,HA2028P,4.10229,4.10083,0.0014599999999997948
890,HA2028C,4.50675,4.520580000000001,-0.013830000000000453
891,HA2028Q,4.51965,4.520580000000001,-0.0009300000000003195
892,HA2028D,4.50675,4.50675,0.0
893,HA2028L,4.51539,4.51539,0.0
894,EA2083V,4.51539,4.51539,0.0
895,EA2083H,4.51539,4.51539,0.0
896,EA2083G,4.51539,4.51539,0.0
897,EA2083A,4.51539,4.51539,0.0
898,EA2083C,4.51539,4.51539,0.0
899,EA2083T,4.51539,4.51539,0.0
900,EA2083M,4.51539,4.51539,0.0
901,EA2083D,4.51539,4.51539,0.0
902,EA2083Y,4.51539,4.51539,0.0
903,EA2083I,4.51539,4.51539,0.0
904,EA2083Q,4.51539,4.51539,0.0
905,EA2083S,4.51539,4.51539,0.0
906,EA2083N,4.51539,4.51539,0.0
907,EA2083F,4.51539,4.51539,0.0
908,EA2083L,4.51539,4.51539,0.0
909,EA2083W,4.51539,4.51539,0.0
910,EA2083P,4.51539,4.51539,0.0
911,EA2083K,4.51539,4.51539,0.0
912,EA2083R,4.51539,4.51539,0.0
913,AA2034E,4.50675,4.6211,-0.11434999999999995
914,AA2034P,4.51539,4.51539,0.0
915,AA2034D,4.50675,4.56358,-0.056829999999999714
916,AA2034K,4.54472,4.76375,-0.21903000000000006
917,AA2034F,4.54472,5.72464,-1.17992
918,AA2034H,4.51539,5.06326,-0.5478699999999996
919,AA2034I,4.51539,4.6013,-0.08591000000000015
920,AA2034N,4.54472,4.63265,-0.08793000000000006
921,AA2034C,4.51539,4.556109999999999,-0.04071999999999942
922,AA2034Q,4.51539,4.63584,-0.12044999999999995
923,AA2034M,4.51539,4.74496,-0.22956999999999983
924,AA2034R,4.51539,4.57595,-0.060559999999999725
925,AA2034Y,4.56224,6.735519999999999,-2.173279999999999
926,AA2034L,4.54472,4.59959,-0.054870000000000196
927,AA2034T,4.51539,4.51704,-0.0016499999999997073
928,AA2034V,4.54472,4.69343,-0.14871000000000034
929,AA2034G,4.51539,4.51539,0.0
930,AA2034W,4.51539,4.51539,0.0
931,AA2034S,4.51539,4.525519999999999,-0.010129999999999306
932,FA2039T,4.51204,4.70637,-0.1943299999999999
933,FA2039E,4.51969,5.80819,-1.2885
934,FA2039S,4.51204,4.90321,-0.3911699999999998
935,FA2039D,4.51204,5.6965,-1.1844600000000005
936,FA2039L,4.51204,4.21471,0.29732999999999965
937,FA2039R,4.51204,6.08908,-1.5770400000000002
938,FA2039K,4.51204,5.5548,-1.0427600000000004
939,FA2039Y,4.51969,5.24904,-0.7293500000000002
940,FA2039W,4.51969,4.51852,0.0011700000000001154
941,FA2039Q,4.51204,5.74838,-1.2363400000000002
942,FA2039N,4.51204,5.14329,-0.6312500000000005
943,FA2039M,4.51969,4.6384099999999995,-0.11871999999999971
944,FA2039I,4.51204,6.19411,-1.6820700000000004
945,FA2039V,4.52677,4.08022,0.4465500000000002
946,FA2039G,4.51204,3.98636,0.5256799999999999
947,FA2039A,4.51204,3.9791,0.53294
948,FA2039H,4.51204,4.792669999999999,-0.2806299999999995
949,FA2039C,4.51204,4.47668,0.035359999999999836
950,FA2039P,4.51204,4.1650599999999995,0.3469800000000003
951,FA2048C,4.51539,4.51539,0.0
952,FA2048V,4.51539,4.51539,0.0
953,FA2048R,4.51539,4.51539,0.0
954,FA2048Y,4.51539,4.51539,0.0
955,FA2048M,4.51539,4.51539,0.0
956,FA2048H,4.51539,4.51539,0.0
957,FA2048I,4.51539,4.51539,0.0
958,FA2048T,4.51539,4.51539,0.0
959,FA2048L,4.51539,4.51539,0.0
960,FA2048E,4.51539,4.51539,0.0
961,FA2048Q,4.51539,4.51539,0.0
962,FA2048P,4.51539,4.5294300000000005,-0.014040000000000497
963,FA2048S,4.51539,4.51539,0.0
964,FA2048K,4.51539,4.51539,0.0
965,FA2048G,4.51539,4.51539,0.0
966,FA2048N,4.51539,4.51539,0.0
967,FA2048D,4.51539,4.51539,0.0
968,FA2048W,4.51539,4.51539,0.0
969,FA2048A,4.51539,4.51539,0.0
970,RA2042M,4.5146,4.50922,0.005379999999999718
971,RA2042E,4.5146,4.549519999999999,-0.03491999999999962
972,RA2042A,4.51467,4.54315,-0.02848000000000006
973,RA2042S,4.51467,4.5332,-0.018530000000000157
974,RA2042T,4.51467,4.548369999999999,-0.03369999999999962
975,RA2042N,4.51467,4.5332,-0.018530000000000157
976,RA2042D,4.51467,4.5332,-0.018530000000000157
977,RA2042K,4.51467,4.52187,-0.007200000000000095
978,RA2042L,4.51467,4.51355,0.0011199999999993437
979,RA2042I,4.51467,4.54668,-0.03201000000000054
980,RA2042V,4.51467,4.56297,-0.04830000000000023
981,RA2042W,4.5146,4.54435,-0.029749999999999943
982,RA2042G,4.51467,4.52307,-0.008399999999999963
983,RA2042H,4.51467,4.52109,-0.006420000000000314
984,RA2042C,4.51467,4.5332,-0.018530000000000157
985,RA2042Q,4.5146,4.50986,0.0047399999999999665
986,RA2042F,4.5146,4.52963,-0.015030000000000321
987,RA2042Y,4.5146,4.5475,-0.032900000000000595
988,RA2042P,4.51467,4.56452,-0.04985000000000017
989,AA2100S,4.51539,4.52974,-0.014350000000000307
990,AA2100R,4.5153099999999995,4.73626,-0.2209500000000002
991,AA2100N,4.51539,4.68118,-0.16579000000000033
992,AA2100L,4.51539,4.75646,-0.24106999999999967
993,AA2100W,4.51539,5.25155,-0.7361599999999999
994,AA2100H,4.51539,5.01756,-0.5021699999999996
995,AA2100T,4.51539,4.62704,-0.11165000000000003
996,AA2100V,4.51539,4.761080000000001,-0.24569000000000063
997,AA2100F,4.51539,5.07761,-0.5622199999999999
998,AA2100I,4.51539,4.78229,-0.2668999999999997
999,AA2100Y,4.51539,5.0757,-0.5603100000000003
1000,AA2100P,4.51539,4.49338,0.022009999999999863
1001,AA2100K,4.51539,4.64555,-0.13016000000000005
1002,AA2100C,4.51539,4.61766,-0.10226999999999986
1003,AA2100E,4.51539,4.68537,-0.1699799999999998
1004,AA2100M,4.51539,5.0357400000000005,-0.5203500000000005
1005,AA2100D,4.51539,4.6405400000000006,-0.12515000000000054
1006,AA2100Q,4.51539,4.63166,-0.1162700000000001
1007,AA2100G,4.51539,4.44925,0.06613999999999987
1008,LA2022W,4.51539,4.51539,0.0
1009,LA2022C,4.50853,4.50853,0.0
1010,LA2022N,4.51539,4.51539,0.0
1011,LA2022S,4.51539,4.51539,0.0
1012,LA2022F,4.51539,4.51539,0.0
1013,LA2022Q,4.50675,4.50675,0.0
1014,LA2022M,4.50853,4.50853,0.0
1015,LA2022A,4.51539,4.51539,0.0
1016,LA2022E,4.50675,4.50675,0.0
1017,LA2022P,4.51539,4.51539,0.0
1018,LA2022I,4.51539,4.51539,0.0
1019,LA2022Y,4.51539,4.51539,0.0
1020,LA2022R,4.51539,4.51539,0.0
1021,LA2022H,4.51539,4.51539,0.0
1022,LA2022G,4.51539,4.51539,0.0
1023,LA2022D,4.50675,4.50675,0.0
1024,LA2022T,4.50675,4.50675,0.0
1025,LA2022V,4.51539,4.51539,0.0
1026,LA2022K,4.50675,4.50675,0.0
1027,SA2112E,4.51539,4.51539,0.0
1028,SA2112L,4.51539,4.51539,0.0
1029,SA2112R,4.12389,4.12389,0.0
1030,SA2112W,4.51539,4.51539,0.0
1031,SA2112Q,4.51539,4.51539,0.0
1032,SA2112I,4.51539,4.51539,0.0
1033,SA2112M,4.51539,4.51539,0.0
1034,SA2112C,4.51539,4.51539,0.0
1035,SA2112A,4.51539,4.51539,0.0
1036,SA2112N,4.51539,4.51539,0.0
1037,SA2112G,4.51539,4.51539,0.0
1038,SA2112Y,4.51539,4.51539,0.0
1039,SA2112D,4.51539,4.51539,0.0
1040,SA2112F,4.51539,4.51539,0.0
1041,SA2112K,4.51539,4.51539,0.0
1042,SA2112T,4.51539,4.51539,0.0
1043,SA2112V,4.51539,4.51539,0.0
1044,SA2112P,4.51539,4.51539,0.0
1045,SA2112H,4.51539,4.51539,0.0
1046,KA2095V,4.51539,4.51539,0.0
1047,KA2095P,4.51539,4.51539,0.0
1048,KA2095L,4.51539,4.51539,0.0
1049,KA2095A,4.51539,4.51539,0.0
1050,KA2095W,4.51539,4.51539,0.0
1051,KA2095N,4.51539,4.51539,0.0
1052,KA2095Q,4.51539,4.51539,0.0
1053,KA2095T,4.51539,4.51539,0.0
1054,KA2095Y,4.51539,4.51539,0.0
1055,KA2095D,4.51539,4.51539,0.0
1056,KA2095I,4.51539,4.51539,0.0
1057,KA2095F,4.51539,4.51539,0.0
1058,KA2095M,4.51539,4.51539,0.0
1059,KA2095E,4.51539,4.51539,0.0
1060,KA2095C,4.51539,4.51539,0.0
1061,KA2095R,4.51539,4.51539,0.0
1062,KA2095G,4.51539,4.51539,0.0
1063,KA2095S,4.51539,4.51539,0.0
1064,KA2095H,4.51539,4.51539,0.0
1065,QA2099I,4.51539,4.513240000000001,0.00214999999999943
1066,QA2099E,4.5138300000000005,4.50296,0.010870000000000601
1067,QA2099V,4.51539,4.513240000000001,0.00214999999999943
1068,QA2099G,4.51353,4.53106,-0.017529999999999824
1069,QA2099L,4.51539,4.51539,0.0
1070,QA2099D,4.51539,4.51539,0.0
1071,QA2099H,4.51539,4.51539,0.0
1072,QA2099R,4.51539,4.51539,0.0
1073,QA2099W,4.51539,4.51539,0.0
1074,QA2099F,4.51539,4.51539,0.0
1075,QA2099P,4.51537,4.49506,0.020310000000000272
1076,QA2099A,4.51539,4.51778,-0.0023900000000001143
1077,QA2099N,4.51539,4.51539,0.0
1078,QA2099S,4.51353,4.54746,-0.033929999999999794
1079,QA2099Y,4.51539,4.51539,0.0
1080,QA2099K,4.51539,4.51539,0.0
1081,QA2099C,4.51353,4.5138,-0.0002699999999995484
1082,QA2099T,4.5138300000000005,4.51509,-0.0012599999999993727
1083,QA2099M,4.51353,4.51293,0.000600000000000378
1084,NA2043Y,4.51539,4.51539,0.0
1085,NA2043H,4.51539,4.51539,0.0
1086,NA2043C,4.51539,4.51539,0.0
1087,NA2043K,4.51539,4.51539,0.0
1088,NA2043I,4.51467,4.51467,0.0
1089,NA2043R,4.51539,4.51539,0.0
1090,NA2043E,4.51539,4.51539,0.0
1091,NA2043G,4.51539,4.51539,0.0
1092,NA2043V,4.51539,4.51539,0.0
1093,NA2043Q,4.51539,4.51539,0.0
1094,NA2043M,4.51539,4.51539,0.0
1095,NA2043L,4.51539,4.51539,0.0
1096,NA2043P,4.51467,4.51467,0.0
1097,NA2043T,4.51539,4.51539,0.0
1098,NA2043D,4.51539,4.51539,0.0
1099,NA2043W,4.51539,4.51539,0.0
1100,NA2043A,4.51539,4.51539,0.0
1101,NA2043S,4.51539,4.51539,0.0
1102,NA2043F,4.51539,4.51539,0.0
1103,GA2040C,4.51539,4.5757,-0.06031000000000031
1104,GA2040S,4.51539,5.05546,-0.54007
1105,GA2040F,4.51539,4.8355,-0.3201099999999997
1106,GA2040D,4.51539,5.0206800000000005,-0.5052900000000005
1107,GA2040H,4.51539,4.82417,-0.3087799999999996
1108,GA2040R,4.51539,4.91069,-0.39529999999999976
1109,GA2040L,4.51539,4.81451,-0.2991200000000003
1110,GA2040M,4.51539,4.57704,-0.061650000000000205
1111,GA2040N,4.51539,4.8531,-0.3377100000000004
1112,GA2040I,4.51539,4.95637,-0.4409799999999997
1113,GA2040Q,4.51539,5.18984,-0.6744500000000002
1114,GA2040W,4.51539,5.03099,-0.5156000000000001
1115,GA2040T,4.51539,7.28603,-2.77064
1116,GA2040A,4.51539,4.53808,-0.022689999999999877
1117,GA2040E,4.51539,5.30422,-0.7888299999999999
1118,GA2040K,4.51539,4.82905,-0.3136599999999996
1119,GA2040V,4.51539,6.371980000000001,-1.8565900000000006
1120,GA2040P,4.51969,7.5874,-3.06771
1121,GA2040Y,4.51539,4.86801,-0.35261999999999993
1122,DA2096E,4.51539,4.51539,0.0
1123,DA2096V,4.51539,4.51539,0.0
1124,DA2096I,4.51539,4.51539,0.0
1125,DA2096C,4.51539,4.51539,0.0
1126,DA2096Y,4.51539,4.51539,0.0
1127,DA2096M,4.51539,4.51539,0.0
1128,DA2096W,4.51539,4.51539,0.0
1129,DA2096A,4.51539,4.51539,0.0
1130,DA2096K,4.51539,4.51539,0.0
1131,DA2096Q,4.51539,4.51539,0.0
1132,DA2096S,4.51539,4.51539,0.0
1133,DA2096G,4.51539,4.51539,0.0
1134,DA2096T,4.51539,4.51539,0.0
1135,DA2096P,4.51539,4.51539,0.0
1136,DA2096R,4.51539,4.51539,0.0
1137,DA2096F,4.51539,4.51539,0.0
1138,DA2096H,4.51539,4.51539,0.0
1139,DA2096L,4.51539,4.51539,0.0
1140,DA2096N,4.51539,4.51539,0.0
1141,EA2080D,4.51539,4.51539,0.0
1142,EA2080A,4.51539,4.51539,0.0
1143,EA2080V,4.51539,4.51539,0.0
1144,EA2080Y,4.51539,4.51539,0.0
1145,EA2080L,4.51539,4.51539,0.0
1146,EA2080Q,4.51539,4.51539,0.0
1147,EA2080G,4.51539,4.51539,0.0
1148,EA2080R,4.51539,4.51539,0.0
1149,EA2080I,4.51539,4.51539,0.0
1150,EA2080S,4.51539,4.51539,0.0
1151,EA2080M,4.51539,4.51539,0.0
1152,EA2080P,4.51539,4.51539,0.0
1153,EA2080N,4.51539,4.51539,0.0
1154,EA2080T,4.51539,4.51539,0.0
1155,EA2080K,4.51539,4.51539,0.0
1156,EA2080F,4.51539,4.51539,0.0
1157,EA2080C,4.51539,4.51539,0.0
1158,EA2080W,4.51539,4.51539,0.0
1159,EA2080H,4.51539,4.51539,0.0
1160,LA2037Q,4.51539,4.51539,0.0
1161,LA2037Y,4.51539,4.51539,0.0
1162,LA2037H,4.51539,4.51539,0.0
1163,LA2037A,4.51539,4.51539,0.0
1164,LA2037T,4.51539,4.51539,0.0
1165,LA2037S,4.51539,4.51539,0.0
1166,LA2037V,4.51539,4.51539,0.0
1167,LA2037W,4.50853,4.50675,0.0017800000000001148
1168,LA2037E,4.50853,4.50675,0.0017800000000001148
1169,LA2037M,4.51539,4.51539,0.0
1170,LA2037G,4.51539,4.51513,0.00025999999999992696
1171,LA2037D,4.50853,4.50675,0.0017800000000001148
1172,LA2037P,4.51539,4.51539,0.0
1173,LA2037C,4.51539,4.51539,0.0
1174,LA2037K,4.51539,4.51539,0.0
1175,LA2037F,4.51539,4.51539,0.0
1176,LA2037N,4.51539,4.51539,0.0
1177,LA2037I,4.51539,4.51539,0.0
1178,LA2037R,4.51539,4.51539,0.0
1179,EA2025H,4.51539,4.51539,0.0
1180,EA2025R,4.51539,4.51539,0.0
1181,EA2025P,4.51539,4.51539,0.0
1182,EA2025D,4.51539,4.51539,0.0
1183,EA2025Q,4.51539,4.51539,0.0
1184,EA2025L,4.51539,4.51539,0.0
1185,EA2025A,4.51539,4.51539,0.0
1186,EA2025K,4.51539,4.51539,0.0
1187,EA2025M,4.51539,4.51539,0.0
1188,EA2025I,4.51539,4.51539,0.0
1189,EA2025G,4.51539,4.51539,0.0
1190,EA2025V,4.51539,4.51539,0.0
1191,EA2025S,4.51539,4.51539,0.0
1192,EA2025W,4.51539,4.51539,0.0
1193,EA2025C,4.51539,4.51539,0.0
1194,EA2025N,4.51539,4.51539,0.0
1195,EA2025Y,4.51539,4.51539,0.0
1196,EA2025F,4.51539,4.51539,0.0
1197,EA2025T,4.51539,4.51539,0.0
1198,YA2105A,4.10229,4.28942,-0.1871299999999998
1199,YA2105C,4.10229,4.25021,-0.14792000000000005
1200,YA2105G,4.10229,4.21073,-0.10843999999999987
1201,YA2105P,4.10042,5.0747,-0.9742800000000003
1202,YA2105K,4.10049,4.6230400000000005,-0.5225500000000007
1203,YA2105D,4.12389,4.28033,-0.1564399999999999
1204,YA2105I,4.12389,5.081519999999999,-0.9576299999999991
1205,YA2105L,4.12389,4.60778,-0.4838899999999997
1206,YA2105T,4.10229,4.2496,-0.14731000000000005
1207,YA2105R,4.10049,5.00068,-0.9001900000000003
1208,YA2105F,4.12389,3.9428,0.1810900000000002
1209,YA2105Q,4.5049,5.17044,-0.66554
1210,YA2105E,4.10049,5.11235,-1.0118600000000004
1211,YA2105S,4.10229,4.255719999999999,-0.1534299999999993
1212,YA2105V,4.10229,4.35089,-0.2485999999999997
1213,YA2105M,4.12389,4.550269999999999,-0.4263799999999991
1214,YA2105N,4.10229,4.36788,-0.26559000000000044
1215,YA2105W,4.12209,4.63507,-0.5129799999999998
1216,YA2105H,4.12389,4.60074,-0.4768499999999998
1217,WA2027R,4.51539,4.51539,0.0
1218,WA2027H,4.51539,4.51539,0.0
1219,WA2027P,4.51539,4.51539,0.0
1220,WA2027F,4.51539,4.51539,0.0
1221,WA2027A,4.51539,4.51539,0.0
1222,WA2027N,4.51539,4.51539,0.0
1223,WA2027C,4.51539,4.51539,0.0
1224,WA2027M,4.51539,4.51539,0.0
1225,WA2027Q,4.51539,4.51539,0.0
1226,WA2027S,4.51539,4.51539,0.0
1227,WA2027E,4.50675,4.50675,0.0
1228,WA2027D,4.50675,4.50675,0.0
1229,WA2027K,4.50675,4.50675,0.0
1230,WA2027T,4.51539,4.51539,0.0
1231,WA2027I,4.51539,4.51539,0.0
1232,WA2027V,4.51539,4.51539,0.0
1233,WA2027L,4.51539,4.51539,0.0
1234,WA2027G,4.51539,4.51539,0.0
1235,WA2027Y,4.51539,4.51539,0.0
1236,VA2107W,4.49112,4.50646,-0.015340000000000131
1237,VA2107P,4.49327,4.54957,-0.05630000000000024
1238,VA2107E,4.4863599999999995,4.49631,-0.009950000000000792
1239,VA2107D,4.4863599999999995,4.49599,-0.009630000000000472
1240,VA2107S,4.491280000000001,4.47281,0.018470000000000653
1241,VA2107Y,4.4932300000000005,4.5099800000000005,-0.016750000000000043
1242,VA2107G,4.49327,4.53734,-0.0440700000000005
1243,VA2107A,4.491280000000001,4.4865699999999995,0.004710000000001102
1244,VA2107R,4.4932300000000005,4.50305,-0.009819999999999496
1245,VA2107Q,4.4931,4.5063699999999995,-0.013269999999999449
1246,VA2107L,4.49112,4.50815,-0.0170300000000001
1247,VA2107T,4.491280000000001,4.51717,-0.025889999999999525
1248,VA2107I,4.4913300000000005,4.4917,-0.0003699999999993153
1249,VA2107M,4.4931,4.51014,-0.017039999999999722
1250,VA2107H,4.4931,4.50928,-0.016180000000000305
1251,VA2107C,4.491280000000001,4.4887,0.002580000000000915
1252,VA2107K,4.49329,4.531540000000001,-0.03825000000000056
1253,VA2107N,4.49327,4.50596,-0.01269000000000009
1254,VA2107F,4.4932300000000005,4.50976,-0.01652999999999949
1255,GA2030L,4.51539,4.51539,0.0
1256,GA2030Q,4.51539,4.51539,0.0
1257,GA2030I,4.51539,4.51539,0.0
1258,GA2030K,4.51539,4.51539,0.0
1259,GA2030T,4.51539,4.51539,0.0
1260,GA2030H,4.51539,4.51539,0.0
1261,GA2030E,4.51539,4.51539,0.0
1262,GA2030F,4.51539,4.51539,0.0
1263,GA2030V,4.51539,4.51539,0.0
1264,GA2030M,4.51539,4.51539,0.0
1265,GA2030W,4.51539,4.51539,0.0
1266,GA2030D,4.51539,4.51539,0.0
1267,GA2030P,4.51539,4.51539,0.0
1268,GA2030A,4.51539,4.51539,0.0
1269,GA2030R,4.51539,4.51539,0.0
1270,GA2030S,4.51539,4.51539,0.0
1271,GA2030C,4.51539,4.51539,0.0
1272,GA2030Y,4.51539,4.51539,0.0
1273,GA2030N,4.51539,4.51539,0.0
1274,DA2102E,4.5138300000000005,4.54908,-0.03524999999999956
1275,DA2102G,4.51353,4.462359999999999,0.051170000000000826
1276,DA2102H,4.51382,4.54741,-0.03359000000000023
1277,DA2102Q,4.51353,4.53735,-0.02381999999999973
1278,DA2102T,4.51353,4.53046,-0.016929999999999445
1279,DA2102S,4.51353,4.5258400000000005,-0.012310000000000265
1280,DA2102P,4.5138300000000005,4.70171,-0.18787999999999982
1281,DA2102L,4.51382,4.64481,-0.13098999999999972
1282,DA2102Y,4.51582,4.51037,0.005449999999999733
1283,DA2102R,4.51527,4.53404,-0.018769999999999953
1284,DA2102I,4.51382,4.55733,-0.04351000000000038
1285,DA2102W,4.51582,4.50369,0.012129999999999974
1286,DA2102K,4.5132900000000005,4.4967,0.01659000000000077
1287,DA2102V,4.51353,4.57293,-0.05940000000000012
1288,DA2102C,4.51353,4.59101,-0.07747999999999955
1289,DA2102F,4.51582,4.52463,-0.008810000000000429
1290,DA2102M,4.51353,4.50946,0.004070000000000462
1291,DA2102N,4.51353,4.59865,-0.08511999999999986
1292,DA2102A,4.51353,4.5492300000000006,-0.03570000000000029
1293,HA2055S,4.51539,4.53303,-0.0176400000000001
1294,HA2055C,4.51539,4.53303,-0.0176400000000001
1295,HA2055N,4.51539,4.53303,-0.0176400000000001
1296,HA2055D,4.51539,4.53303,-0.0176400000000001
1297,HA2055L,4.51539,4.51539,0.0
1298,HA2055Y,4.51539,4.51539,0.0
1299,HA2055T,4.51539,4.53303,-0.0176400000000001
1300,HA2055E,4.51539,4.53303,-0.0176400000000001
1301,HA2055Q,4.51539,4.53303,-0.0176400000000001
1302,HA2055G,4.51539,4.51539,0.0
1303,HA2055I,4.51539,4.53303,-0.0176400000000001
1304,HA2055V,4.51539,4.53303,-0.0176400000000001
1305,HA2055A,4.51539,4.53303,-0.0176400000000001
1306,HA2055R,4.51539,4.53303,-0.0176400000000001
1307,HA2055F,4.51539,4.58373,-0.06834000000000007
1308,HA2055M,4.51539,4.54004,-0.024650000000000283
1309,HA2055K,4.51539,4.53303,-0.0176400000000001
1310,HA2055W,4.51539,4.53303,-0.0176400000000001
1311,HA2055P,4.51539,4.51539,0.0
1312,MA2026Q,4.51539,4.51539,0.0
1313,MA2026C,4.51539,4.51539,0.0
1314,MA2026D,4.51539,4.51539,0.0
1315,MA2026A,4.51539,4.51539,0.0
1316,MA2026H,4.51539,4.51539,0.0
1317,MA2026P,4.51539,4.51539,0.0
1318,MA2026E,4.51539,4.51539,0.0
1319,MA2026T,4.51539,4.51539,0.0
1320,MA2026G,4.51539,4.51539,0.0
1321,MA2026W,4.51539,4.51539,0.0
1322,MA2026Y,4.51539,4.51539,0.0
1323,MA2026F,4.51539,4.51539,0.0
1324,MA2026K,4.51539,4.51539,0.0
1325,MA2026V,4.51539,4.51539,0.0
1326,MA2026R,4.51539,4.51539,0.0
1327,MA2026I,4.51539,4.51539,0.0
1328,MA2026N,4.51539,4.51539,0.0
1329,MA2026S,4.51539,4.51539,0.0
1330,MA2026L,4.51539,4.51539,0.0

